7 0.657813 0.423438 0.071875 0.103125
7 0.735938 0.395313 0.090625 0.115625
7 0.839063 0.390625 0.065625 0.100000
7 0.679688 0.532813 0.096875 0.103125
7 0.771875 0.510938 0.087500 0.109375
7 0.862500 0.470313 0.075000 0.109375
6 0.112500 0.681250 0.175000 0.137500
4 0.250000 0.501563 0.087500 0.090625
4 0.398438 0.492188 0.096875 0.078125
4 0.531250 0.439063 0.100000 0.096875
4 0.531250 0.553125 0.087500 0.081250
4 0.434375 0.578125 0.093750 0.100000
4 0.314063 0.617188 0.103125 0.096875
5 0.071875 0.543750 0.131250 0.118750
