6 0.426563 0.595313 0.090625 0.071875
6 0.473438 0.657813 0.078125 0.090625
6 0.900000 0.301563 0.093750 0.084375
6 0.057813 0.950000 0.103125 0.075000
7 0.123438 0.814063 0.103125 0.090625
7 0.160938 0.881250 0.109375 0.081250
7 0.517188 0.531250 0.109375 0.093750
7 0.579688 0.610938 0.090625 0.084375
3 0.210938 0.737500 0.090625 0.075000
3 0.270313 0.823438 0.084375 0.084375
3 0.626563 0.475000 0.065625 0.062500
3 0.689063 0.550000 0.078125 0.093750
4 0.737500 0.409375 0.093750 0.087500
4 0.289062 0.698438 0.071875 0.103125
4 0.340625 0.767188 0.062500 0.090625
5 0.350000 0.635938 0.056250 0.096875
5 0.410938 0.732812 0.078125 0.096875
5 0.826562 0.342187 0.053125 0.078125
