4 0.171875 0.267188 0.081250 0.059375
3 0.276562 0.293750 0.084375 0.056250
7 0.376563 0.250000 0.090625 0.050000
6 0.562500 0.260937 0.087500 0.053125
6 0.835938 0.240625 0.090625 0.050000
6 0.656250 0.423438 0.093750 0.065625
6 0.681250 0.485938 0.075000 0.053125
7 0.757812 0.303125 0.103125 0.062500
3 0.932813 0.295312 0.078125 0.065625
4 0.448437 0.306250 0.084375 0.050000
7 0.173437 0.404687 0.109375 0.084375
7 0.270313 0.404687 0.096875 0.096875
7 0.406250 0.417187 0.081250 0.078125
7 0.204687 0.489063 0.090625 0.071875
7 0.309375 0.492188 0.093750 0.078125
7 0.439063 0.490625 0.078125 0.081250
5 0.534375 0.418750 0.075000 0.081250
5 0.578125 0.481250 0.081250 0.081250
