7 0.509375 0.442188 0.087500 0.096875
7 0.604688 0.429688 0.096875 0.103125
7 0.712500 0.407813 0.112500 0.115625
7 0.542188 0.537500 0.078125 0.106250
7 0.635938 0.526563 0.084375 0.096875
7 0.735938 0.526563 0.084375 0.115625
6 0.304688 0.460938 0.071875 0.065625
6 0.371875 0.454688 0.050000 0.078125
6 0.428125 0.445312 0.050000 0.096875
6 0.304688 0.564063 0.065625 0.084375
6 0.375000 0.554688 0.056250 0.090625
6 0.446875 0.548438 0.062500 0.084375
6 0.376563 0.293750 0.084375 0.087500
4 0.090625 0.492188 0.043750 0.065625
4 0.048438 0.496875 0.040625 0.081250
4 0.017188 0.492188 0.028125 0.059375
4 0.089063 0.579688 0.046875 0.053125
5 0.143750 0.485938 0.056250 0.078125
5 0.190625 0.485938 0.056250 0.071875
5 0.242188 0.481250 0.059375 0.087500
5 0.131250 0.585938 0.062500 0.071875
5 0.187500 0.584375 0.062500 0.075000
5 0.239063 0.575000 0.053125 0.081250
