7 0.796875 0.371875 0.100000 0.093750
7 0.901563 0.367188 0.134375 0.109375
7 0.771875 0.470313 0.118750 0.078125
7 0.898438 0.460938 0.121875 0.090625
6 0.285938 0.429688 0.096875 0.084375
6 0.140625 0.442188 0.100000 0.090625
6 0.542188 0.234375 0.090625 0.056250
3 0.381250 0.184375 0.131250 0.075000
3 0.876563 0.254688 0.115625 0.078125
4 0.510938 0.370312 0.096875 0.065625
4 0.390625 0.364063 0.081250 0.071875
4 0.115625 0.226562 0.075000 0.078125
4 0.537500 0.439063 0.062500 0.071875
4 0.620313 0.434375 0.078125 0.075000
4 0.410938 0.432812 0.090625 0.059375
4 0.729688 0.210938 0.071875 0.065625
4 0.370312 0.250000 0.103125 0.062500
5 0.262500 0.350000 0.087500 0.062500
