7 0.807813 0.626563 0.053125 0.071875
7 0.860938 0.650000 0.046875 0.075000
7 0.906250 0.665625 0.043750 0.068750
7 0.850000 0.706250 0.043750 0.062500
7 0.890625 0.720313 0.031250 0.059375
7 0.934375 0.735938 0.050000 0.053125
6 0.682813 0.589063 0.046875 0.065625
6 0.673438 0.473438 0.040625 0.059375
6 0.728125 0.603125 0.037500 0.068750
6 0.760938 0.620313 0.034375 0.071875
6 0.698438 0.662500 0.046875 0.062500
6 0.751563 0.679688 0.046875 0.065625
6 0.796875 0.690625 0.037500 0.062500
3 0.171875 0.410938 0.081250 0.078125
3 0.140625 0.501563 0.068750 0.078125
3 0.248438 0.534375 0.078125 0.068750
3 0.332813 0.557813 0.071875 0.071875
3 0.335938 0.471875 0.065625 0.087500
3 0.254688 0.453125 0.078125 0.093750
4 0.485938 0.517188 0.053125 0.053125
4 0.439063 0.504687 0.053125 0.059375
4 0.392188 0.489063 0.046875 0.065625
4 0.395313 0.578125 0.040625 0.068750
4 0.445312 0.595313 0.059375 0.065625
4 0.495312 0.609375 0.053125 0.068750
5 0.551562 0.546875 0.046875 0.056250
5 0.587500 0.554688 0.043750 0.059375
5 0.632812 0.576562 0.053125 0.059375
5 0.556250 0.629687 0.056250 0.065625
5 0.606250 0.640625 0.043750 0.068750
5 0.643750 0.645312 0.037500 0.053125
