7 0.348438 0.410938 0.115625 0.109375
7 0.610938 0.265625 0.103125 0.093750
6 0.881250 0.528125 0.075000 0.068750
6 0.735938 0.526563 0.071875 0.059375
6 0.473438 0.506250 0.115625 0.081250
6 0.398438 0.285938 0.109375 0.084375
3 0.609375 0.492188 0.100000 0.084375
3 0.720313 0.442188 0.090625 0.084375
3 0.085938 0.365625 0.084375 0.075000
3 0.193750 0.379688 0.093750 0.090625
3 0.137500 0.457813 0.081250 0.078125
3 0.225000 0.454688 0.056250 0.084375
3 0.059375 0.206250 0.087500 0.093750
3 0.309375 0.481250 0.056250 0.068750
4 0.751563 0.343750 0.103125 0.106250
4 0.223438 0.220312 0.103125 0.059375
5 0.521875 0.418750 0.137500 0.087500
5 0.901563 0.457813 0.084375 0.071875
