7 0.571875 0.503125 0.112500 0.093750
7 0.595313 0.589063 0.109375 0.115625
6 0.439063 0.542188 0.128125 0.096875
6 0.475000 0.643750 0.093750 0.118750
6 0.856250 0.398438 0.075000 0.059375
6 0.907813 0.473438 0.071875 0.078125
3 0.662500 0.457813 0.093750 0.078125
3 0.718750 0.556250 0.087500 0.087500
4 0.139063 0.635938 0.121875 0.115625
4 0.192188 0.776563 0.171875 0.159375
4 0.742188 0.446875 0.071875 0.087500
4 0.785937 0.531250 0.059375 0.093750
5 0.285938 0.579688 0.109375 0.109375
5 0.354687 0.709375 0.128125 0.143750
5 0.798438 0.403125 0.040625 0.081250
5 0.851562 0.514062 0.059375 0.084375
