1 0.203125 0.210938 0.187500 0.165625
1 0.393750 0.190625 0.168750 0.137500
1 0.581250 0.170313 0.187500 0.178125
1 0.804688 0.137500 0.171875 0.168750
1 0.270313 0.740625 0.190625 0.150000
1 0.457813 0.743750 0.134375 0.137500
1 0.617188 0.726562 0.134375 0.134375
1 0.814063 0.718750 0.153125 0.150000
2 0.237500 0.395313 0.168750 0.171875
2 0.417187 0.379688 0.159375 0.171875
2 0.603125 0.357812 0.193750 0.171875
2 0.785937 0.321875 0.159375 0.175000
2 0.300000 0.885938 0.150000 0.159375
2 0.453125 0.890625 0.156250 0.162500
2 0.625000 0.876563 0.162500 0.178125
2 0.814063 0.884375 0.140625 0.175000
0 0.268750 0.567187 0.156250 0.178125
0 0.434375 0.571875 0.131250 0.175000
0 0.601562 0.553125 0.134375 0.181250
0 0.807813 0.543750 0.159375 0.175000
