0 0.251563 0.145313 0.128125 0.146875
0 0.385937 0.154688 0.128125 0.128125
0 0.517188 0.170313 0.146875 0.153125
0 0.228125 0.326562 0.118750 0.128125
0 0.354687 0.343750 0.128125 0.125000
0 0.489063 0.357812 0.140625 0.153125
0 0.196875 0.484375 0.131250 0.118750
0 0.323437 0.523438 0.115625 0.140625
0 0.450000 0.548438 0.125000 0.134375
0 0.167187 0.662500 0.096875 0.106250
0 0.256250 0.664062 0.100000 0.115625
0 0.356250 0.714063 0.093750 0.109375
0 0.459375 0.732812 0.112500 0.121875
0 0.084375 0.776563 0.106250 0.121875
0 0.165625 0.804688 0.093750 0.103125
0 0.264062 0.801562 0.109375 0.134375
0 0.264062 0.932813 0.121875 0.121875
0 0.365625 0.854688 0.106250 0.121875
0 0.471875 0.900000 0.112500 0.112500
