0 0.276562 0.187500 0.140625 0.112500
0 0.226562 0.290625 0.134375 0.106250
0 0.162500 0.415625 0.150000 0.150000
0 0.318750 0.476562 0.131250 0.128125
0 0.376563 0.356250 0.128125 0.118750
0 0.435937 0.239063 0.121875 0.128125
0 0.581250 0.310937 0.112500 0.115625
0 0.535937 0.418750 0.115625 0.112500
0 0.475000 0.537500 0.131250 0.143750
0 0.742188 0.332813 0.109375 0.096875
0 0.717187 0.421875 0.103125 0.075000
0 0.660937 0.506250 0.115625 0.106250
0 0.643750 0.618750 0.112500 0.100000
0 0.757812 0.735938 0.134375 0.121875
0 0.792188 0.635938 0.103125 0.103125
0 0.782813 0.525000 0.115625 0.106250
0 0.837500 0.439063 0.100000 0.096875
0 0.885938 0.354687 0.103125 0.115625
0 0.931250 0.550000 0.112500 0.118750
