0 0.429688 0.704688 0.146875 0.146875
0 0.551562 0.756250 0.121875 0.137500
0 0.692187 0.834375 0.153125 0.212500
0 0.771875 0.642188 0.150000 0.165625
0 0.625000 0.589063 0.125000 0.146875
0 0.493750 0.531250 0.125000 0.131250
0 0.568750 0.382812 0.100000 0.128125
0 0.687500 0.412500 0.106250 0.112500
0 0.814063 0.479687 0.134375 0.140625
0 0.596875 0.225000 0.093750 0.100000
0 0.681250 0.242188 0.087500 0.103125
0 0.773438 0.290625 0.090625 0.100000
0 0.879687 0.306250 0.096875 0.100000
0 0.617188 0.100000 0.090625 0.087500
0 0.690625 0.121875 0.093750 0.106250
0 0.806250 0.060937 0.125000 0.115625
0 0.787500 0.181250 0.093750 0.100000
0 0.893750 0.173437 0.087500 0.096875
