1 0.040625 0.253125 0.075000 0.118750
1 0.120313 0.303125 0.115625 0.112500
1 0.226562 0.371875 0.115625 0.112500
1 0.104688 0.420312 0.096875 0.084375
1 0.071875 0.515625 0.106250 0.093750
1 0.042188 0.592187 0.078125 0.090625
1 0.350000 0.443750 0.093750 0.087500
1 0.439063 0.487500 0.090625 0.100000
1 0.354687 0.532813 0.078125 0.090625
1 0.271875 0.526563 0.087500 0.090625
1 0.251563 0.590625 0.115625 0.062500
1 0.207813 0.648438 0.096875 0.065625
1 0.206250 0.720313 0.100000 0.053125
1 0.307812 0.753125 0.090625 0.056250
1 0.314063 0.684375 0.103125 0.068750
1 0.365625 0.610938 0.093750 0.078125
2 0.568750 0.537500 0.100000 0.081250
2 0.515625 0.631250 0.125000 0.081250
2 0.460938 0.712500 0.109375 0.068750
2 0.432812 0.787500 0.090625 0.068750
2 0.675000 0.582812 0.100000 0.071875
2 0.623437 0.678125 0.103125 0.075000
2 0.571875 0.739062 0.081250 0.071875
2 0.531250 0.815625 0.087500 0.075000
2 0.775000 0.640625 0.081250 0.075000
2 0.750000 0.721875 0.087500 0.062500
2 0.709375 0.790625 0.087500 0.062500
2 0.676562 0.832812 0.071875 0.046875
2 0.882812 0.693750 0.090625 0.056250
2 0.828125 0.756250 0.081250 0.068750
0 0.918750 0.821875 0.081250 0.062500
0 0.865625 0.885938 0.081250 0.059375
0 0.814063 0.953125 0.090625 0.050000
1 0.937500 0.914062 0.075000 0.059375
