1 0.301563 0.090625 0.146875 0.118750
1 0.423438 0.059375 0.128125 0.100000
1 0.532813 0.053125 0.109375 0.100000
1 0.659375 0.095312 0.118750 0.096875
1 0.367188 0.232813 0.121875 0.115625
1 0.479687 0.195312 0.115625 0.121875
1 0.573438 0.162500 0.090625 0.112500
1 0.696875 0.200000 0.106250 0.118750
1 0.412500 0.507812 0.118750 0.128125
1 0.476562 0.437500 0.103125 0.131250
1 0.573438 0.421875 0.109375 0.125000
1 0.637500 0.370312 0.081250 0.090625
1 0.748437 0.353125 0.109375 0.112500
1 0.700000 0.443750 0.087500 0.087500
1 0.792188 0.468750 0.103125 0.093750
1 0.629687 0.523438 0.096875 0.096875
1 0.537500 0.571875 0.106250 0.093750
1 0.481250 0.648438 0.112500 0.115625
2 0.562500 0.795312 0.131250 0.128125
2 0.660937 0.740625 0.128125 0.137500
2 0.756250 0.667188 0.100000 0.140625
2 0.860938 0.614062 0.096875 0.134375
2 0.909375 0.739062 0.087500 0.115625
2 0.828125 0.809375 0.100000 0.106250
2 0.739062 0.862500 0.103125 0.112500
2 0.629687 0.928125 0.121875 0.118750
2 0.962500 0.878125 0.075000 0.118750
2 0.904687 0.951562 0.096875 0.096875
