2 0.787500 0.453125 0.106250 0.100000
2 0.948438 0.435937 0.103125 0.090625
2 0.810937 0.559375 0.115625 0.100000
2 0.665625 0.582812 0.125000 0.121875
2 0.671875 0.470313 0.112500 0.090625
2 0.817187 0.656250 0.140625 0.118750
2 0.846875 0.800000 0.156250 0.162500
2 0.662500 0.707812 0.137500 0.096875
2 0.665625 0.823438 0.137500 0.121875
0 0.520312 0.503125 0.084375 0.087500
0 0.464062 0.573438 0.071875 0.071875
0 0.490625 0.645312 0.087500 0.103125
0 0.475000 0.746875 0.106250 0.106250
0 0.503125 0.832812 0.143750 0.096875
0 0.371875 0.851562 0.137500 0.090625
0 0.354687 0.759375 0.115625 0.081250
0 0.382812 0.684375 0.103125 0.081250
0 0.390625 0.603125 0.075000 0.062500
0 0.432812 0.507812 0.090625 0.084375
0 0.315625 0.520312 0.087500 0.078125
0 0.235937 0.515625 0.059375 0.093750
0 0.235937 0.603125 0.084375 0.068750
0 0.212500 0.687500 0.087500 0.087500
0 0.179688 0.785937 0.103125 0.096875
0 0.167187 0.526563 0.065625 0.078125
0 0.142187 0.607812 0.084375 0.078125
0 0.110937 0.681250 0.090625 0.100000
0 0.073438 0.787500 0.078125 0.093750
0 0.043750 0.535937 0.050000 0.053125
0 0.035937 0.645312 0.065625 0.071875
