1 0.312500 0.767188 0.150000 0.171875
1 0.325000 0.564063 0.168750 0.153125
1 0.632812 0.425000 0.128125 0.112500
1 0.782813 0.295312 0.115625 0.109375
1 0.823438 0.556250 0.165625 0.143750
1 0.306250 0.265625 0.118750 0.118750
1 0.457813 0.156250 0.109375 0.093750
0 0.454688 0.268750 0.103125 0.093750
0 0.478125 0.568750 0.150000 0.125000
0 0.751563 0.168750 0.109375 0.100000
0 0.689063 0.771875 0.140625 0.162500
0 0.873437 0.767188 0.171875 0.165625
2 0.640625 0.573438 0.118750 0.140625
2 0.515625 0.781250 0.143750 0.168750
2 0.460938 0.409375 0.121875 0.106250
2 0.623437 0.279687 0.103125 0.103125
2 0.593750 0.146875 0.093750 0.087500
2 0.304688 0.145313 0.121875 0.109375
0 0.304688 0.410938 0.134375 0.115625
