0 0.731250 0.864062 0.225000 0.215625
0 0.350000 0.531250 0.118750 0.162500
0 0.176563 0.681250 0.103125 0.143750
0 0.279687 0.935937 0.115625 0.128125
0 0.570312 0.110937 0.140625 0.121875
0 0.764062 0.318750 0.178125 0.200000
2 0.542188 0.317188 0.146875 0.146875
2 0.525000 0.571875 0.150000 0.187500
2 0.309375 0.721875 0.112500 0.168750
2 0.812500 0.090625 0.181250 0.175000
2 0.393750 0.145313 0.112500 0.146875
2 0.229687 0.346875 0.121875 0.181250
1 0.254688 0.170313 0.103125 0.103125
1 0.367188 0.304688 0.121875 0.109375
1 0.221875 0.506250 0.106250 0.125000
1 0.776563 0.640625 0.228125 0.212500
1 0.510938 0.798438 0.196875 0.165625
1 0.157812 0.889062 0.128125 0.140625
