1 0.231250 0.121875 0.175000 0.125000
1 0.423438 0.100000 0.128125 0.131250
1 0.376563 0.568750 0.159375 0.143750
1 0.564063 0.506250 0.146875 0.131250
1 0.689063 0.445312 0.134375 0.146875
1 0.803125 0.401562 0.100000 0.115625
2 0.415625 0.729688 0.175000 0.134375
2 0.592187 0.651563 0.128125 0.128125
2 0.725000 0.595313 0.143750 0.153125
2 0.848437 0.531250 0.103125 0.125000
2 0.284375 0.253125 0.168750 0.112500
2 0.457813 0.229687 0.140625 0.140625
2 0.595313 0.181250 0.134375 0.125000
2 0.714063 0.150000 0.128125 0.112500
0 0.318750 0.396875 0.162500 0.156250
0 0.507812 0.370312 0.128125 0.134375
0 0.629687 0.315625 0.134375 0.143750
0 0.762500 0.275000 0.112500 0.118750
0 0.492188 0.929688 0.128125 0.140625
0 0.650000 0.862500 0.118750 0.137500
0 0.834375 0.951562 0.093750 0.096875
1 0.950000 0.906250 0.100000 0.125000
1 0.909375 0.765625 0.118750 0.131250
2 0.781250 0.795312 0.106250 0.140625
