2 0.207813 0.135937 0.178125 0.196875
2 0.387500 0.131250 0.137500 0.162500
2 0.542188 0.125000 0.128125 0.162500
2 0.715625 0.106250 0.125000 0.150000
2 0.231250 0.557813 0.162500 0.115625
2 0.409375 0.562500 0.143750 0.143750
2 0.545312 0.546875 0.140625 0.131250
2 0.700000 0.535937 0.137500 0.128125
2 0.407813 0.953125 0.134375 0.093750
2 0.551562 0.931250 0.140625 0.131250
2 0.693750 0.926562 0.106250 0.115625
0 0.220312 0.306250 0.159375 0.143750
0 0.407813 0.307812 0.134375 0.140625
0 0.560937 0.290625 0.134375 0.131250
0 0.703125 0.276562 0.118750 0.140625
0 0.234375 0.698438 0.131250 0.134375
0 0.404687 0.698438 0.115625 0.115625
0 0.553125 0.679688 0.118750 0.121875
0 0.700000 0.660937 0.112500 0.109375
1 0.242188 0.835938 0.128125 0.121875
1 0.409375 0.828125 0.112500 0.112500
1 0.553125 0.810937 0.106250 0.134375
1 0.701562 0.796875 0.121875 0.125000
1 0.231250 0.437500 0.143750 0.125000
1 0.407813 0.429688 0.109375 0.115625
1 0.554688 0.420312 0.115625 0.128125
1 0.707812 0.412500 0.121875 0.125000
