2 0.129688 0.359375 0.096875 0.075000
2 0.087500 0.443750 0.106250 0.075000
2 0.065625 0.517188 0.093750 0.078125
0 0.271875 0.375000 0.093750 0.081250
0 0.232813 0.467187 0.103125 0.109375
0 0.187500 0.575000 0.093750 0.087500
0 0.134375 0.703125 0.112500 0.125000
1 0.384375 0.378125 0.068750 0.075000
1 0.353125 0.471875 0.093750 0.100000
1 0.331250 0.576562 0.087500 0.103125
1 0.289062 0.714063 0.109375 0.140625
2 0.479687 0.393750 0.096875 0.075000
2 0.465625 0.478125 0.093750 0.100000
2 0.453125 0.573438 0.100000 0.084375
2 0.432812 0.714063 0.146875 0.140625
0 0.589063 0.725000 0.146875 0.150000
0 0.606250 0.590625 0.137500 0.112500
0 0.610938 0.487500 0.121875 0.112500
0 0.606250 0.389062 0.106250 0.096875
1 0.717187 0.390625 0.096875 0.100000
1 0.737500 0.498437 0.100000 0.090625
1 0.750000 0.603125 0.093750 0.093750
1 0.746875 0.742188 0.162500 0.153125
2 0.837500 0.401562 0.100000 0.090625
2 0.860938 0.507812 0.115625 0.096875
2 0.900000 0.621875 0.131250 0.112500
2 0.907813 0.753125 0.140625 0.118750
