8 0.314063 0.067187 0.078125 0.078125
8 0.401562 0.064062 0.084375 0.071875
8 0.357812 0.139063 0.096875 0.071875
8 0.490625 0.107813 0.093750 0.078125
8 0.528125 0.031250 0.068750 0.056250
8 0.264062 0.221875 0.078125 0.081250
8 0.340625 0.239063 0.050000 0.071875
8 0.420312 0.223438 0.103125 0.090625
8 0.546875 0.210938 0.062500 0.059375
8 0.498437 0.231250 0.046875 0.050000
8 0.471875 0.296875 0.050000 0.062500
8 0.400000 0.304688 0.062500 0.065625
8 0.315625 0.326562 0.081250 0.071875
8 0.815625 0.168750 0.068750 0.075000
8 0.878125 0.162500 0.062500 0.068750
8 0.956250 0.153125 0.062500 0.068750
8 0.950000 0.078125 0.068750 0.068750
8 0.875000 0.076563 0.056250 0.065625
8 0.803125 0.068750 0.056250 0.075000
4 0.253125 0.401562 0.068750 0.065625
4 0.309375 0.440625 0.062500 0.075000
4 0.375000 0.410938 0.062500 0.078125
4 0.450000 0.415625 0.068750 0.075000
4 0.518750 0.478125 0.062500 0.062500
4 0.520312 0.410938 0.053125 0.065625
4 0.450000 0.485938 0.068750 0.059375
4 0.381250 0.489063 0.068750 0.065625
4 0.267188 0.504687 0.065625 0.053125
4 0.270313 0.607812 0.053125 0.071875
4 0.351562 0.598437 0.059375 0.071875
4 0.440625 0.600000 0.050000 0.075000
4 0.521875 0.590625 0.056250 0.075000
4 0.510938 0.684375 0.065625 0.050000
4 0.442188 0.696875 0.059375 0.075000
4 0.364063 0.684375 0.046875 0.068750
4 0.278125 0.689063 0.068750 0.059375
4 0.851562 0.267188 0.071875 0.053125
4 0.954688 0.273438 0.059375 0.065625
4 0.965625 0.353125 0.068750 0.056250
4 0.896875 0.328125 0.068750 0.068750
4 0.804688 0.337500 0.065625 0.062500
4 0.798438 0.407813 0.065625 0.059375
4 0.862500 0.387500 0.056250 0.068750
12 0.793750 0.507812 0.062500 0.065625
12 0.879687 0.490625 0.065625 0.075000
12 0.960938 0.460938 0.065625 0.071875
12 0.975000 0.535937 0.050000 0.059375
12 0.907813 0.562500 0.071875 0.062500
12 0.837500 0.571875 0.068750 0.062500
12 0.790625 0.621875 0.056250 0.050000
12 0.303125 0.782813 0.062500 0.071875
12 0.242188 0.845313 0.053125 0.059375
12 0.306250 0.881250 0.056250 0.068750
12 0.370312 0.809375 0.053125 0.075000
12 0.443750 0.823438 0.068750 0.071875
12 0.515625 0.807813 0.062500 0.065625
12 0.376563 0.882812 0.059375 0.059375
12 0.456250 0.895312 0.062500 0.065625
12 0.523438 0.889062 0.065625 0.065625
10 0.792188 0.767188 0.065625 0.084375
10 0.854688 0.717187 0.059375 0.065625
10 0.907813 0.664062 0.059375 0.084375
10 0.978125 0.657813 0.043750 0.071875
10 0.979688 0.764062 0.040625 0.059375
10 0.931250 0.742188 0.062500 0.078125
10 0.882812 0.767188 0.065625 0.059375
11 0.803125 0.906250 0.050000 0.075000
11 0.860938 0.918750 0.059375 0.087500
11 0.914062 0.895312 0.053125 0.065625
11 0.975000 0.871875 0.050000 0.068750
11 0.975000 0.962500 0.050000 0.037500
11 0.914062 0.971875 0.053125 0.050000
11 0.842187 0.979688 0.059375 0.040625
