11 0.692187 0.648438 0.103125 0.084375
11 0.712500 0.532813 0.093750 0.084375
11 0.732812 0.415625 0.103125 0.081250
11 0.726562 0.317188 0.096875 0.078125
11 0.632812 0.423438 0.071875 0.103125
11 0.617188 0.512500 0.090625 0.068750
11 0.592187 0.614062 0.084375 0.084375
11 0.471875 0.592187 0.081250 0.065625
11 0.396875 0.540625 0.062500 0.068750
11 0.496875 0.482812 0.087500 0.071875
11 0.548438 0.393750 0.065625 0.068750
11 0.431250 0.457813 0.075000 0.065625
11 0.459375 0.389062 0.075000 0.059375
10 0.296875 0.559375 0.075000 0.087500
10 0.326562 0.473438 0.078125 0.059375
10 0.364063 0.404687 0.059375 0.059375
10 0.398438 0.339062 0.059375 0.071875
10 0.328125 0.339062 0.062500 0.059375
10 0.307812 0.292187 0.053125 0.053125
10 0.231250 0.331250 0.062500 0.068750
10 0.228125 0.542188 0.056250 0.084375
12 0.854688 0.696875 0.090625 0.112500
12 0.862500 0.590625 0.087500 0.087500
12 0.893750 0.492188 0.087500 0.096875
