8 0.382812 0.117188 0.040625 0.040625
8 0.370312 0.160938 0.046875 0.040625
8 0.468750 0.170313 0.043750 0.034375
8 0.525000 0.135937 0.043750 0.028125
8 0.526563 0.171875 0.046875 0.037500
8 0.414062 0.203125 0.040625 0.037500
8 0.825000 0.301563 0.068750 0.053125
8 0.882812 0.307812 0.059375 0.053125
8 0.951562 0.307812 0.059375 0.046875
8 0.940625 0.254688 0.062500 0.046875
8 0.915625 0.193750 0.056250 0.050000
8 0.843750 0.182812 0.056250 0.046875
8 0.867188 0.245312 0.046875 0.046875
8 0.807813 0.228125 0.053125 0.056250
4 0.320312 0.207813 0.040625 0.040625
4 0.350000 0.240625 0.050000 0.043750
4 0.406250 0.253125 0.050000 0.037500
4 0.457813 0.257812 0.040625 0.046875
4 0.523438 0.268750 0.046875 0.050000
4 0.318750 0.285938 0.056250 0.034375
4 0.868750 0.387500 0.075000 0.050000
4 0.968750 0.404687 0.062500 0.065625
4 0.921875 0.448437 0.075000 0.059375
4 0.892188 0.500000 0.078125 0.062500
4 0.831250 0.443750 0.068750 0.062500
4 0.823438 0.512500 0.059375 0.068750
12 0.496875 0.335938 0.056250 0.040625
12 0.418750 0.342187 0.062500 0.046875
12 0.415625 0.385937 0.056250 0.040625
12 0.398438 0.459375 0.053125 0.037500
12 0.532813 0.382812 0.053125 0.046875
12 0.471875 0.381250 0.043750 0.043750
12 0.451562 0.439063 0.053125 0.046875
12 0.529687 0.426563 0.059375 0.046875
12 0.503125 0.493750 0.037500 0.043750
12 0.314063 0.467187 0.059375 0.040625
12 0.339062 0.409375 0.046875 0.056250
12 0.829688 0.620313 0.084375 0.071875
12 0.928125 0.614062 0.075000 0.090625
12 0.890625 0.698438 0.068750 0.071875
12 0.845313 0.759375 0.071875 0.068750
12 0.968750 0.696875 0.062500 0.093750
10 0.504687 0.567187 0.078125 0.059375
10 0.450000 0.553125 0.056250 0.068750
10 0.389062 0.535937 0.059375 0.059375
10 0.331250 0.550000 0.068750 0.068750
10 0.303125 0.626563 0.062500 0.065625
10 0.346875 0.690625 0.062500 0.056250
10 0.401562 0.618750 0.065625 0.056250
10 0.498437 0.632812 0.059375 0.059375
10 0.418750 0.689063 0.075000 0.059375
10 0.525000 0.707812 0.062500 0.065625
10 0.856250 0.948438 0.093750 0.103125
10 0.923438 0.903125 0.078125 0.100000
11 0.251563 0.735938 0.078125 0.078125
11 0.292187 0.795312 0.059375 0.059375
11 0.353125 0.796875 0.056250 0.081250
11 0.421875 0.796875 0.062500 0.075000
11 0.479687 0.795312 0.059375 0.071875
11 0.507812 0.906250 0.059375 0.093750
11 0.423438 0.889062 0.084375 0.078125
11 0.339062 0.892188 0.071875 0.078125
11 0.242188 0.870313 0.071875 0.084375
11 0.275000 0.954688 0.068750 0.090625
