4 0.206250 0.770312 0.068750 0.059375
4 0.075000 0.781250 0.062500 0.062500
4 0.164062 0.695312 0.053125 0.046875
4 0.179688 0.650000 0.040625 0.043750
4 0.203125 0.595313 0.056250 0.040625
4 0.462500 0.345313 0.037500 0.034375
4 0.481250 0.389062 0.050000 0.034375
4 0.498437 0.420312 0.046875 0.034375
4 0.432812 0.415625 0.059375 0.037500
4 0.378125 0.389062 0.050000 0.034375
4 0.432812 0.373437 0.046875 0.034375
4 0.396875 0.350000 0.062500 0.025000
4 0.368750 0.320312 0.043750 0.028125
4 0.135937 0.740625 0.059375 0.056250
8 0.267188 0.320312 0.046875 0.028125
8 0.181250 0.356250 0.050000 0.031250
8 0.159375 0.389062 0.050000 0.028125
8 0.209375 0.412500 0.043750 0.037500
8 0.304688 0.351562 0.053125 0.028125
8 0.073438 0.595313 0.046875 0.040625
8 0.085938 0.687500 0.028125 0.050000
8 0.048438 0.643750 0.053125 0.050000
8 0.021875 0.600000 0.037500 0.056250
12 0.587500 0.421875 0.068750 0.037500
12 0.690625 0.421875 0.056250 0.043750
12 0.642188 0.400000 0.053125 0.031250
12 0.571875 0.378125 0.068750 0.031250
12 0.607812 0.340625 0.053125 0.037500
12 0.548438 0.346875 0.053125 0.031250
12 0.559375 0.320312 0.037500 0.028125
12 0.481250 0.603125 0.050000 0.037500
12 0.448437 0.682813 0.059375 0.053125
12 0.459375 0.751563 0.062500 0.053125
12 0.384375 0.732812 0.056250 0.053125
12 0.304688 0.726562 0.053125 0.053125
12 0.301563 0.675000 0.053125 0.056250
12 0.290625 0.615625 0.050000 0.043750
12 0.407813 0.585938 0.046875 0.040625
12 0.351562 0.584375 0.053125 0.043750
12 0.353125 0.629687 0.056250 0.040625
12 0.353125 0.676562 0.043750 0.046875
10 0.557813 0.600000 0.046875 0.050000
10 0.618750 0.601562 0.056250 0.046875
10 0.692187 0.578125 0.053125 0.043750
10 0.690625 0.650000 0.056250 0.056250
10 0.709375 0.703125 0.056250 0.050000
10 0.648438 0.745313 0.078125 0.053125
10 0.560937 0.723437 0.078125 0.059375
10 0.542188 0.681250 0.065625 0.050000
10 0.553125 0.637500 0.062500 0.031250
10 0.623437 0.667188 0.053125 0.046875
10 0.581250 0.771875 0.075000 0.050000
10 0.710938 0.334375 0.046875 0.031250
10 0.760938 0.314063 0.034375 0.021875
10 0.800000 0.337500 0.056250 0.025000
10 0.718750 0.371875 0.056250 0.037500
10 0.776563 0.396875 0.059375 0.031250
10 0.785937 0.362500 0.071875 0.031250
10 0.823438 0.420312 0.071875 0.034375
11 0.773438 0.604688 0.059375 0.040625
11 0.856250 0.592187 0.075000 0.040625
11 0.860938 0.637500 0.059375 0.050000
11 0.792188 0.642188 0.071875 0.040625
11 0.803125 0.690625 0.068750 0.043750
11 0.892188 0.693750 0.065625 0.043750
11 0.821875 0.732812 0.062500 0.040625
11 0.770312 0.771875 0.084375 0.062500
11 0.900000 0.765625 0.075000 0.056250
11 0.962500 0.737500 0.075000 0.050000
