6 0.431373 0.940768 0.151961 0.115196
6 0.584559 0.855392 0.147876 0.169935
6 0.758987 0.708333 0.137255 0.150327
6 0.939542 0.570261 0.120915 0.133987
6 0.295752 0.742239 0.132353 0.142974
6 0.484477 0.636438 0.106209 0.104575
6 0.631944 0.539624 0.111928 0.105392
6 0.772059 0.427288 0.120915 0.094771
6 0.665850 0.308415 0.120915 0.089052
6 0.516340 0.388072 0.129085 0.098039
6 0.395833 0.500000 0.128268 0.120915
6 0.201797 0.568627 0.120915 0.109477
6 0.112337 0.345997 0.111928 0.077614
6 0.283905 0.308415 0.107026 0.089052
6 0.404820 0.248775 0.113562 0.079248
6 0.530637 0.176471 0.103758 0.070261
