4 0.332925 0.137255 0.141340 0.137255
4 0.486520 0.154820 0.111928 0.116830
4 0.600490 0.034314 0.096405 0.066993
4 0.651961 0.124183 0.063725 0.096405
4 0.738971 0.152778 0.062908 0.106209
4 0.768791 0.238154 0.055556 0.095588
4 0.829248 0.296977 0.063725 0.080882
4 0.889297 0.413807 0.049837 0.061275
4 0.814542 0.430147 0.062092 0.069444
4 0.680556 0.274918 0.078431 0.092320
4 0.552696 0.274918 0.095588 0.121732
4 0.390523 0.321487 0.107843 0.095588
4 0.230801 0.317810 0.136438 0.117647
4 0.287990 0.477124 0.108660 0.093137
4 0.457516 0.444444 0.112745 0.111111
4 0.610294 0.532680 0.093137 0.084967
4 0.719771 0.375408 0.101307 0.077614
4 0.727941 0.461193 0.042484 0.079248
4 0.709150 0.581291 0.071895 0.075980
4 0.723039 0.659314 0.050654 0.066993
4 0.618873 0.616422 0.054739 0.082516
4 0.623775 0.712418 0.069444 0.065359
4 0.634395 0.795752 0.054739 0.060458
4 0.546569 0.844363 0.070261 0.075980
4 0.526552 0.750408 0.053105 0.066176
4 0.494281 0.633170 0.091503 0.070261
4 0.494690 0.544118 0.098856 0.086601
4 0.356618 0.589052 0.126634 0.106209
4 0.303922 0.712010 0.109477 0.079248
4 0.444853 0.726716 0.085784 0.090686
4 0.387663 0.823121 0.085784 0.077614
4 0.283088 0.819853 0.093954 0.066176
4 0.138072 0.802696 0.140523 0.107026
4 0.152369 0.665033 0.165850 0.127451
4 0.142974 0.486928 0.150327 0.143791
4 0.020833 0.770016 0.040033 0.125000
