4 0.193627 0.194444 0.098039 0.101307
4 0.296977 0.181781 0.098856 0.095588
4 0.407680 0.208333 0.081699 0.084967
4 0.490605 0.170752 0.100490 0.055556
4 0.592729 0.208742 0.090686 0.110294
4 0.717729 0.208742 0.115196 0.093954
4 0.787990 0.311683 0.103758 0.093954
4 0.882761 0.254902 0.113562 0.091503
4 0.887255 0.388889 0.098039 0.091503
4 0.890114 0.578023 0.093954 0.110294
4 0.915441 0.784314 0.095588 0.091503
4 0.808007 0.877451 0.089869 0.101307
4 0.793709 0.683415 0.082516 0.095588
4 0.722222 0.757353 0.111111 0.089869
4 0.716912 0.578840 0.100490 0.113562
4 0.715686 0.389706 0.098039 0.099673
4 0.607843 0.331291 0.096405 0.115196
4 0.604984 0.493464 0.141340 0.053922
4 0.565768 0.620915 0.113562 0.091503
4 0.549428 0.742239 0.134804 0.102124
4 0.591095 0.867647 0.129902 0.098039
4 0.467729 0.861520 0.103758 0.116830
4 0.395425 0.756944 0.150327 0.072712
4 0.394199 0.620098 0.134804 0.096405
4 0.475899 0.551471 0.077614 0.086601
4 0.383578 0.488154 0.069444 0.126634
4 0.490196 0.410948 0.091503 0.104575
4 0.400327 0.336193 0.084967 0.107026
4 0.495098 0.272059 0.083333 0.096405
4 0.267157 0.283905 0.119281 0.072712
4 0.184232 0.337010 0.108660 0.079248
4 0.262255 0.416258 0.104575 0.069444
4 0.178513 0.474265 0.105392 0.084150
4 0.252451 0.548203 0.096405 0.078431
4 0.169118 0.610294 0.101307 0.096405
4 0.222222 0.729984 0.148693 0.108660
4 0.301879 0.870915 0.149510 0.104575
4 0.150327 0.867239 0.120915 0.133170
4 0.788399 0.502042 0.104575 0.090686
