5 0.081699 0.566176 0.161765 0.150327
5 0.827614 0.859069 0.150327 0.213235
5 0.871732 0.695670 0.137255 0.125000
5 0.627042 0.762663 0.154412 0.160948
5 0.564951 0.580882 0.125000 0.116013
5 0.404412 0.517565 0.153595 0.136438
5 0.406454 0.723448 0.177288 0.177288
5 0.243873 0.642565 0.157680 0.144608
5 0.220997 0.438725 0.170752 0.122549
5 0.058824 0.364788 0.107843 0.111928
5 0.125408 0.275735 0.133170 0.092320
5 0.217320 0.206699 0.142157 0.068627
5 0.305147 0.137663 0.123366 0.067810
5 0.421977 0.212010 0.138072 0.077614
5 0.352124 0.287990 0.143791 0.085784
5 0.576389 0.264297 0.126634 0.087418
5 0.511029 0.357435 0.147876 0.102124
5 0.735294 0.318219 0.127451 0.085784
5 0.698938 0.406046 0.134804 0.098039
5 0.712418 0.511438 0.140523 0.107843
5 0.916667 0.374183 0.135621 0.088235
5 0.901961 0.467729 0.127451 0.084150
5 0.877451 0.566993 0.133987 0.098039
