7 0.078431 0.170752 0.084967 0.098039
7 0.207108 0.154003 0.074346 0.087418
7 0.100082 0.306373 0.087418 0.096405
7 0.059232 0.045343 0.085784 0.089052
7 0.187908 0.052696 0.076797 0.087418
7 0.226307 0.277369 0.078431 0.079248
7 0.115196 0.447712 0.088235 0.098039
7 0.243873 0.428513 0.067810 0.077614
7 0.345588 0.410131 0.071895 0.091503
7 0.319444 0.268382 0.057190 0.084150
7 0.302696 0.162173 0.061275 0.084150
7 0.279003 0.056781 0.062908 0.087418
7 0.368464 0.062908 0.058824 0.086601
7 0.393382 0.173203 0.054739 0.084967
7 0.406863 0.293709 0.047386 0.067810
7 0.430147 0.400327 0.062908 0.086601
7 0.143382 0.591095 0.074346 0.089052
7 0.259804 0.563725 0.062092 0.076797
7 0.363154 0.529412 0.059641 0.078431
7 0.442810 0.512663 0.062092 0.080882
7 0.490605 0.950163 0.061275 0.073529
7 0.564951 0.810049 0.044935 0.056373
7 0.557598 0.685458 0.049837 0.070261
7 0.616013 0.539624 0.044118 0.066176
7 0.613971 0.434641 0.038399 0.058824
7 0.612337 0.320670 0.046569 0.077614
7 0.596814 0.205065 0.048203 0.076797
7 0.587010 0.094363 0.036765 0.062908
7 0.662173 0.103350 0.038399 0.059641
7 0.670343 0.213235 0.036765 0.063725
7 0.678922 0.328840 0.039216 0.059641
7 0.739379 0.131536 0.047386 0.073529
7 0.730392 0.222222 0.047386 0.062092
7 0.734069 0.328840 0.036765 0.044935
7 0.683824 0.430556 0.047386 0.058824
7 0.737745 0.426062 0.034314 0.048203
7 0.687908 0.526961 0.037582 0.065359
7 0.743873 0.511846 0.033497 0.066176
7 0.705474 0.645833 0.048203 0.067810
8 0.158497 0.729167 0.084967 0.105392
8 0.282680 0.694853 0.071895 0.102124
8 0.380719 0.658497 0.062092 0.098039
8 0.459150 0.618056 0.057190 0.075980
8 0.185458 0.863971 0.084967 0.102124
8 0.301879 0.812092 0.067810 0.076797
8 0.392974 0.776144 0.062092 0.075163
8 0.470997 0.732843 0.049837 0.070261
8 0.198121 0.969363 0.084150 0.054739
8 0.300245 0.928513 0.074346 0.085784
8 0.395833 0.888480 0.056373 0.077614
8 0.482435 0.841095 0.054739 0.082516
8 0.521242 0.091503 0.055556 0.058824
8 0.523284 0.189134 0.043301 0.053105
8 0.529412 0.312092 0.065359 0.068627
8 0.789216 0.139297 0.044118 0.074346
8 0.843954 0.150735 0.031046 0.066176
8 0.800245 0.328023 0.040033 0.056373
8 0.852533 0.326797 0.040033 0.063725
8 0.529003 0.436275 0.066176 0.076797
8 0.798203 0.421569 0.045752 0.068627
8 0.846405 0.410131 0.045752 0.084967
8 0.544526 0.544526 0.061275 0.067810
8 0.805147 0.504493 0.044935 0.051471
8 0.850490 0.495915 0.035948 0.049020
8 0.633578 0.663399 0.056373 0.063725
8 0.775327 0.640523 0.034314 0.049020
8 0.837418 0.618873 0.042484 0.043301
8 0.641748 0.779820 0.059641 0.072712
8 0.794526 0.227941 0.043301 0.063725
8 0.846814 0.231209 0.035131 0.062092
8 0.904820 0.107843 0.031863 0.050654
8 0.901961 0.170343 0.044118 0.049837
8 0.898693 0.234886 0.040850 0.049837
8 0.902778 0.329248 0.031046 0.050654
8 0.897876 0.404820 0.037582 0.049837
8 0.895833 0.480392 0.041667 0.066993
8 0.898693 0.592320 0.045752 0.063725
8 0.732843 0.751634 0.045752 0.070261
8 0.785131 0.723039 0.027778 0.055556
8 0.841912 0.707108 0.033497 0.041667
8 0.903595 0.685458 0.040850 0.042484
