6 0.296569 0.564542 0.165033 0.127451
6 0.493056 0.647876 0.175654 0.120915
6 0.728758 0.741422 0.194444 0.154412
6 0.754493 0.568219 0.142974 0.095588
6 0.580474 0.499183 0.136438 0.091503
6 0.445261 0.408497 0.130719 0.088235
6 0.272876 0.399918 0.117647 0.084150
6 0.110294 0.482843 0.150327 0.091503
6 0.134804 0.360703 0.133987 0.087418
6 0.724265 0.370098 0.118464 0.086601
6 0.905229 0.429330 0.137255 0.084150
6 0.946487 0.333333 0.107026 0.080065
6 0.778186 0.294118 0.120098 0.066993
6 0.526552 0.327614 0.136438 0.076797
6 0.329248 0.296977 0.135621 0.079248
6 0.191176 0.255719 0.122549 0.068627
6 0.617239 0.248775 0.108660 0.058007
6 0.970180 0.246732 0.059641 0.060458
6 0.831291 0.210376 0.105392 0.062908
6 0.690768 0.164624 0.098856 0.056373
6 0.455882 0.206699 0.137255 0.083333
6 0.579248 0.136029 0.084967 0.046569
6 0.482435 0.118464 0.093954 0.052288
6 0.379902 0.110703 0.107843 0.058007
6 0.307190 0.170343 0.117647 0.061275
