7 0.514706 0.489788 0.045752 0.051471
7 0.400327 0.491830 0.047386 0.032680
7 0.391748 0.601307 0.058007 0.053922
7 0.511438 0.593954 0.044118 0.049020
7 0.374592 0.721814 0.053105 0.066176
7 0.506127 0.724265 0.062908 0.074346
7 0.715278 0.433824 0.058007 0.055556
7 0.812500 0.432190 0.074346 0.058824
7 0.924837 0.434641 0.058824 0.071895
7 0.745507 0.523693 0.061275 0.060458
7 0.848039 0.532680 0.063725 0.065359
7 0.957108 0.543301 0.074346 0.063725
7 0.781454 0.615605 0.058007 0.054739
7 0.882353 0.615196 0.068627 0.062092
7 0.978350 0.627042 0.043301 0.059641
7 0.804330 0.696895 0.059641 0.070261
7 0.910948 0.702614 0.062092 0.066993
7 0.437500 0.212418 0.041667 0.040850
7 0.531046 0.202206 0.040850 0.040033
7 0.319853 0.236111 0.038399 0.040850
7 0.204657 0.252042 0.033497 0.035131
7 0.229575 0.184232 0.040850 0.033497
7 0.336193 0.163399 0.035131 0.032680
7 0.442810 0.144608 0.040850 0.037582
7 0.532680 0.124592 0.031046 0.025327
7 0.695261 0.131127 0.045752 0.035131
7 0.767565 0.117239 0.046569 0.041667
7 0.853350 0.098039 0.044935 0.037582
7 0.692810 0.074755 0.044118 0.043301
7 0.761846 0.061275 0.046569 0.035948
7 0.839052 0.042075 0.037582 0.028595
8 0.602533 0.093137 0.038399 0.027778
8 0.589869 0.149510 0.045752 0.034314
8 0.599265 0.209967 0.048203 0.037582
8 0.696487 0.193219 0.056373 0.035131
8 0.777369 0.176062 0.048203 0.031863
8 0.871324 0.148693 0.066176 0.029412
8 0.188317 0.314134 0.044935 0.038399
8 0.317402 0.296569 0.046569 0.035948
8 0.433007 0.285131 0.062092 0.050654
8 0.532271 0.273284 0.053105 0.043301
8 0.693219 0.269608 0.062908 0.037582
8 0.776961 0.246324 0.049020 0.041667
8 0.879902 0.224673 0.065359 0.047386
8 0.707925 0.357843 0.046569 0.045752
8 0.788399 0.331291 0.062092 0.051471
8 0.895833 0.316585 0.062908 0.059641
8 0.526144 0.362745 0.050654 0.035948
8 0.422794 0.373366 0.056373 0.050654
8 0.305556 0.383170 0.047386 0.035948
8 0.168709 0.402369 0.044935 0.043301
8 0.140523 0.522467 0.052288 0.053105
8 0.284314 0.508578 0.040850 0.044935
8 0.265523 0.616830 0.053922 0.053922
8 0.104575 0.631536 0.065359 0.049020
8 0.076389 0.745915 0.077614 0.058824
8 0.243464 0.736520 0.060458 0.061275
