7 0.635212 0.053513 0.071078 0.072712
7 0.647059 0.237337 0.076797 0.069444
7 0.803105 0.226716 0.096405 0.079248
7 0.646650 0.410948 0.080882 0.076797
7 0.801062 0.401144 0.084150 0.078431
7 0.648693 0.537173 0.081699 0.074346
7 0.805556 0.545343 0.073529 0.069444
7 0.871732 0.784314 0.084967 0.081699
7 0.871732 0.892565 0.078431 0.072712
7 0.263889 0.421977 0.065359 0.072712
7 0.254902 0.534722 0.070261 0.066176
7 0.163399 0.529003 0.060458 0.048203
7 0.164624 0.416667 0.048203 0.070261
7 0.079657 0.418301 0.041667 0.055556
7 0.076389 0.528186 0.064542 0.062908
7 0.082108 0.736928 0.038399 0.057190
7 0.130719 0.739788 0.039216 0.051471
7 0.205882 0.729984 0.062092 0.066176
7 0.286356 0.719363 0.069444 0.072712
7 0.276961 0.805964 0.083333 0.066176
7 0.265931 0.898693 0.075980 0.058824
7 0.189951 0.808007 0.054739 0.066993
7 0.180964 0.884804 0.056373 0.058824
7 0.128268 0.809232 0.044118 0.062908
7 0.117647 0.881127 0.035948 0.054739
7 0.075572 0.807598 0.044935 0.048203
7 0.066585 0.879493 0.040033 0.058007
7 0.738562 0.773284 0.089869 0.069444
7 0.735294 0.871732 0.075163 0.055556
7 0.531046 0.262663 0.089869 0.097222
8 0.524101 0.416667 0.069444 0.093137
8 0.524510 0.550654 0.063725 0.083333
8 0.477124 0.733660 0.068627 0.076797
8 0.612745 0.762255 0.075163 0.073529
8 0.613971 0.643791 0.077614 0.091503
8 0.732026 0.634395 0.083333 0.075980
8 0.867239 0.654412 0.077614 0.068627
8 0.615605 0.861928 0.064542 0.078431
8 0.636846 0.963644 0.049837 0.072712
8 0.515114 0.946895 0.079248 0.084967
8 0.507353 0.826797 0.063725 0.060458
8 0.389297 0.812092 0.079248 0.081699
8 0.380719 0.723856 0.078431 0.084967
8 0.388072 0.924837 0.093137 0.070261
8 0.399918 0.536356 0.062908 0.084150
8 0.404820 0.420343 0.075980 0.084150
8 0.401552 0.279820 0.069444 0.084150
8 0.516340 0.067402 0.068627 0.082516
8 0.396650 0.094771 0.064542 0.070261
8 0.251634 0.132761 0.070261 0.074346
8 0.256536 0.286765 0.084967 0.070261
8 0.158497 0.298611 0.053922 0.069444
8 0.075572 0.307190 0.058007 0.058824
8 0.139297 0.139706 0.058007 0.078431
8 0.039624 0.156046 0.061275 0.091503
