7 0.104167 0.090278 0.134804 0.116830
7 0.270425 0.083333 0.111111 0.130719
7 0.428922 0.130310 0.084967 0.116830
7 0.782271 0.172386 0.082516 0.119281
7 0.892974 0.186275 0.071895 0.088235
7 0.966095 0.034722 0.062908 0.058007
7 0.144608 0.335376 0.102941 0.125000
7 0.325572 0.309232 0.125000 0.133170
7 0.475082 0.299428 0.103758 0.116830
7 0.793301 0.355392 0.053922 0.081699
7 0.915441 0.345180 0.066176 0.089052
7 0.182598 0.562092 0.110294 0.124183
7 0.373366 0.511438 0.101307 0.132353
7 0.506536 0.477124 0.089869 0.120915
7 0.810458 0.524510 0.068627 0.099673
7 0.935866 0.505719 0.062908 0.106209
7 0.720588 0.756536 0.076797 0.107843
7 0.968954 0.696487 0.062092 0.110294
7 0.745098 0.960784 0.073529 0.078431
7 0.869281 0.028186 0.057190 0.054739
8 0.642565 0.155637 0.100490 0.105392
8 0.646242 0.354575 0.106209 0.119281
8 0.685458 0.530637 0.102941 0.111928
8 0.540850 0.656046 0.089869 0.116013
8 0.411765 0.722631 0.098039 0.156046
8 0.239379 0.781046 0.116013 0.160131
8 0.040850 0.841503 0.075163 0.169935
8 0.275735 0.958742 0.111928 0.082516
8 0.444036 0.917484 0.103758 0.119281
8 0.576389 0.846814 0.079248 0.121732
8 0.856209 0.722631 0.091503 0.092320
8 0.877451 0.912990 0.107843 0.116830
