5 0.891340 0.712010 0.183007 0.180556
5 0.906046 0.566993 0.163399 0.102941
5 0.906863 0.459559 0.143791 0.079248
5 0.919935 0.378268 0.125817 0.052288
5 0.925245 0.314134 0.136438 0.064542
5 0.490196 0.656046 0.187908 0.155229
5 0.313317 0.607435 0.160948 0.125000
5 0.169935 0.549428 0.122549 0.116830
5 0.281863 0.442402 0.147059 0.092320
5 0.463235 0.486520 0.148693 0.107026
5 0.627859 0.504085 0.103758 0.109477
5 0.709559 0.360294 0.131536 0.066993
5 0.734886 0.292484 0.116830 0.053922
5 0.739788 0.428105 0.134804 0.055556
5 0.548611 0.338644 0.120098 0.066176
5 0.585784 0.260621 0.089869 0.062092
5 0.455065 0.258170 0.116013 0.050654
5 0.392565 0.316585 0.128268 0.064542
5 0.118056 0.404412 0.141340 0.073529
5 0.198938 0.329248 0.138072 0.052288
5 0.265114 0.276552 0.125000 0.054739
5 0.340278 0.219771 0.111928 0.040850
5 0.715278 0.638889 0.110294 0.133987
