6 0.198529 0.898284 0.261438 0.203431
6 0.566585 0.766340 0.219771 0.171569
6 0.853758 0.657271 0.240196 0.108660
6 0.097631 0.675245 0.193627 0.164216
6 0.386846 0.573529 0.191993 0.124183
6 0.649510 0.494690 0.174837 0.108660
6 0.858252 0.412173 0.224673 0.120098
6 0.876634 0.246732 0.160131 0.063725
6 0.694036 0.278186 0.165850 0.067810
6 0.529412 0.375817 0.174837 0.089869
6 0.282680 0.441176 0.163399 0.099673
6 0.058007 0.522467 0.114379 0.107026
6 0.050654 0.344771 0.099673 0.070261
6 0.231618 0.313317 0.139706 0.058007
6 0.436683 0.294118 0.144608 0.063725
6 0.537173 0.216912 0.139706 0.049837
6 0.687092 0.198938 0.155229 0.056373
6 0.674837 0.136438 0.109477 0.039216
6 0.494690 0.167075 0.129902 0.046569
6 0.337418 0.203023 0.130719 0.049837
6 0.140114 0.234477 0.136438 0.055556
