6 0.238154 0.520833 0.196895 0.095588
6 0.506536 0.513889 0.176471 0.086601
6 0.719363 0.458333 0.172386 0.081699
6 0.918709 0.506536 0.162582 0.083333
6 0.859477 0.374592 0.153595 0.075980
6 0.695261 0.371732 0.138889 0.070261
6 0.529003 0.397059 0.160948 0.089869
6 0.275327 0.409314 0.181373 0.073529
6 0.051879 0.531863 0.102124 0.098039
6 0.058415 0.450572 0.115196 0.064542
6 0.075163 0.388889 0.114379 0.040850
6 0.133578 0.320261 0.116830 0.049020
6 0.186683 0.274918 0.098856 0.030229
6 0.307598 0.326797 0.107026 0.035948
6 0.463644 0.331291 0.121732 0.048203
6 0.611111 0.324346 0.106209 0.042484
6 0.815359 0.316176 0.130719 0.035948
6 0.789216 0.263072 0.106209 0.032680
6 0.752451 0.219771 0.101307 0.027778
6 0.640114 0.276552 0.095588 0.033497
6 0.634395 0.232026 0.089052 0.034314
6 0.464869 0.265523 0.086601 0.032680
6 0.467320 0.226716 0.076797 0.023693
6 0.337418 0.270016 0.098039 0.030229
6 0.355801 0.230392 0.085784 0.027778
6 0.225082 0.228350 0.092320 0.026961
