4 0.173611 0.723039 0.154412 0.119281
4 0.386029 0.725490 0.139706 0.114379
4 0.302696 0.887663 0.174020 0.147876
4 0.627042 0.727941 0.165850 0.111111
4 0.770833 0.629902 0.160948 0.104575
4 0.062500 0.550654 0.111928 0.091503
4 0.241422 0.532680 0.118464 0.101307
4 0.422794 0.551879 0.162582 0.084150
4 0.580882 0.569853 0.137255 0.115196
4 0.761029 0.534314 0.113562 0.101307
4 0.936683 0.520425 0.120098 0.062092
4 0.945670 0.409722 0.108660 0.067810
4 0.797386 0.417484 0.135621 0.075163
4 0.626225 0.426062 0.105392 0.072712
4 0.452614 0.436683 0.129085 0.084150
4 0.273693 0.408905 0.124183 0.069444
4 0.118873 0.411765 0.108660 0.068627
4 0.032271 0.315359 0.062908 0.066993
4 0.169526 0.300654 0.102124 0.066993
4 0.389706 0.330474 0.111111 0.079248
4 0.533905 0.346814 0.111928 0.067810
4 0.665441 0.330474 0.129902 0.077614
4 0.826389 0.319036 0.095588 0.061275
4 0.962418 0.308007 0.075163 0.063725
4 0.343137 0.276144 0.114379 0.058824
4 0.200572 0.222222 0.098856 0.058824
4 0.318627 0.178105 0.102941 0.053922
4 0.464461 0.206699 0.100490 0.057190
4 0.530229 0.255310 0.124183 0.066176
4 0.723448 0.250000 0.102124 0.035948
4 0.859886 0.236520 0.105392 0.051471
4 0.748775 0.182190 0.098856 0.047386
4 0.594363 0.167075 0.064542 0.071078
4 0.430964 0.122141 0.089052 0.041667
4 0.540441 0.100082 0.103758 0.049837
