7 0.190768 0.135621 0.031863 0.024510
7 0.266340 0.119281 0.042484 0.029412
7 0.169935 0.184641 0.040850 0.031046
7 0.249592 0.168709 0.048203 0.028595
7 0.145425 0.232843 0.052288 0.032680
7 0.233660 0.214461 0.045752 0.025327
7 0.122958 0.356618 0.046569 0.033497
7 0.242647 0.342320 0.058824 0.042484
7 0.077614 0.457108 0.070261 0.053105
7 0.203023 0.437908 0.062908 0.052288
7 0.022876 0.593546 0.042484 0.051471
7 0.140114 0.587827 0.075980 0.061275
8 0.258987 0.575980 0.084967 0.084967
8 0.322304 0.424020 0.087418 0.070261
8 0.357435 0.316585 0.059641 0.044935
7 0.067402 0.788399 0.077614 0.068627
7 0.649918 0.137255 0.069444 0.040850
7 0.690768 0.276552 0.075980 0.056373
7 0.673611 0.388480 0.084150 0.072712
7 0.850899 0.249592 0.075980 0.046569
7 0.855801 0.368873 0.102124 0.067810
7 0.764297 0.100490 0.067810 0.042484
7 0.663807 0.079657 0.074346 0.054739
7 0.778186 0.042892 0.062908 0.035131
7 0.872141 0.064134 0.059641 0.041667
7 0.963644 0.041667 0.072712 0.040850
7 0.676471 0.019199 0.070261 0.036765
8 0.112337 0.303513 0.043301 0.035131
8 0.194036 0.299837 0.048203 0.035948
8 0.290033 0.276961 0.052288 0.044118
8 0.201797 0.787990 0.084967 0.097222
8 0.388072 0.793301 0.101307 0.104575
8 0.435458 0.554739 0.068627 0.080065
8 0.470588 0.411356 0.088235 0.062908
8 0.495507 0.301062 0.049837 0.059641
8 0.674428 0.536765 0.102124 0.086601
8 0.879085 0.525327 0.106209 0.081699
8 0.665441 0.778595 0.115196 0.107843
8 0.915850 0.801062 0.119281 0.113562
8 0.342320 0.098856 0.034314 0.035948
8 0.432598 0.084559 0.056373 0.033497
8 0.540850 0.061683 0.080065 0.041667
8 0.531454 0.113562 0.074346 0.034314
8 0.545343 0.161356 0.059641 0.031863
8 0.422794 0.136029 0.051471 0.028595
8 0.424020 0.188317 0.052288 0.038399
8 0.335376 0.151144 0.038399 0.031046
8 0.318627 0.205882 0.062092 0.044118
