6 0.724265 0.734886 0.182190 0.169118
6 0.499183 0.626634 0.160131 0.122549
6 0.317810 0.531863 0.151961 0.106209
6 0.167892 0.460784 0.147876 0.099673
6 0.043301 0.378676 0.084967 0.067810
6 0.183007 0.338644 0.129085 0.079248
6 0.302288 0.376225 0.106209 0.084150
6 0.456291 0.387255 0.118464 0.078431
6 0.576389 0.475490 0.126634 0.088235
6 0.735294 0.550245 0.132353 0.102124
6 0.857843 0.418709 0.112745 0.071078
6 0.693219 0.355801 0.108660 0.075980
6 0.524101 0.314542 0.115196 0.060458
6 0.346814 0.291258 0.120098 0.067810
6 0.240605 0.242647 0.108660 0.058824
6 0.341912 0.176879 0.098856 0.051471
6 0.457516 0.211601 0.117647 0.065359
6 0.597222 0.247549 0.084967 0.045752
6 0.738154 0.294526 0.093954 0.056373
6 0.892157 0.335376 0.109477 0.061275
6 0.915850 0.256127 0.098039 0.058007
6 0.771650 0.220588 0.084150 0.050654
6 0.655637 0.179739 0.082516 0.047386
6 0.562500 0.155229 0.066176 0.034314
6 0.485294 0.141748 0.084967 0.035131
6 0.399101 0.127042 0.087418 0.043301
