4 0.254085 0.730801 0.147059 0.110294
4 0.356618 0.908088 0.170752 0.141340
4 0.450163 0.751634 0.133987 0.114379
4 0.656454 0.776144 0.159314 0.114379
4 0.496324 0.572304 0.156046 0.092320
4 0.158088 0.534722 0.133170 0.093954
4 0.336601 0.535948 0.120915 0.099673
4 0.058007 0.367239 0.101307 0.061275
4 0.143382 0.273284 0.108660 0.075980
4 0.288399 0.281863 0.101307 0.065359
4 0.237337 0.394199 0.118464 0.077614
4 0.377042 0.405229 0.120098 0.089869
4 0.333742 0.184232 0.085784 0.062908
4 0.448529 0.154820 0.102941 0.067810
4 0.456291 0.257353 0.108660 0.073529
4 0.494690 0.333333 0.113562 0.093137
4 0.636029 0.358660 0.115196 0.078431
4 0.549020 0.446078 0.132353 0.096405
4 0.651552 0.613154 0.139706 0.131536
4 0.784722 0.688317 0.084150 0.123366
4 0.832925 0.582108 0.116830 0.085784
4 0.926879 0.681781 0.059641 0.126634
4 0.970997 0.583742 0.058007 0.077614
4 0.883170 0.462418 0.133987 0.089869
4 0.718954 0.459559 0.112745 0.079248
4 0.765523 0.352124 0.137255 0.083333
4 0.933415 0.358252 0.098856 0.075980
4 0.959559 0.265114 0.080882 0.066176
4 0.839869 0.272876 0.102941 0.049020
4 0.873775 0.188317 0.120098 0.048203
4 0.727124 0.168301 0.084967 0.075163
4 0.642974 0.263072 0.127451 0.078431
4 0.593137 0.196487 0.114379 0.071078
4 0.564134 0.100899 0.090686 0.054739
4 0.674020 0.087418 0.104575 0.065359
