8 0.727533 0.763889 0.149510 0.075163
8 0.483252 0.752042 0.156046 0.069444
8 0.499183 0.650327 0.132353 0.068627
8 0.487337 0.589052 0.107026 0.050654
8 0.656454 0.588644 0.102124 0.056373
8 0.691176 0.654003 0.073529 0.058007
8 0.864379 0.665033 0.094771 0.052288
8 0.839461 0.598448 0.126634 0.069444
8 0.949346 0.773284 0.088235 0.090686
8 0.812908 0.531046 0.081699 0.044118
8 0.946895 0.518791 0.076797 0.042484
8 0.685458 0.492647 0.066993 0.044118
8 0.690768 0.442810 0.095588 0.040850
8 0.682190 0.396242 0.060458 0.034314
8 0.678105 0.357435 0.057190 0.031863
8 0.568219 0.357026 0.058007 0.035948
8 0.560866 0.400327 0.056373 0.024510
8 0.556781 0.440359 0.074346 0.027778
8 0.533905 0.488562 0.062908 0.040850
8 0.416667 0.396650 0.073529 0.025327
8 0.441585 0.354984 0.061275 0.031863
8 0.349673 0.357843 0.039216 0.032680
8 0.304739 0.398693 0.057190 0.032680
8 0.250000 0.361111 0.045752 0.049020
8 0.200980 0.403595 0.049020 0.029412
7 0.158497 0.439134 0.060458 0.023693
7 0.111111 0.483660 0.081699 0.037582
7 0.231618 0.481209 0.062908 0.035948
7 0.271242 0.437500 0.078431 0.022059
7 0.395425 0.439134 0.065359 0.030229
7 0.358660 0.478350 0.099673 0.030229
7 0.204248 0.599265 0.096405 0.053105
7 0.345180 0.582925 0.095588 0.058007
7 0.297794 0.647467 0.129902 0.048203
7 0.225490 0.737745 0.150327 0.060458
7 0.122141 0.658497 0.105392 0.052288
7 0.066585 0.605801 0.077614 0.044935
7 0.047386 0.737745 0.093137 0.062092
7 0.830065 0.486928 0.083333 0.040850
7 0.810049 0.440359 0.092320 0.034314
7 0.784314 0.390523 0.073529 0.024510
7 0.765114 0.354167 0.058007 0.018791
7 0.870915 0.355801 0.088235 0.043301
7 0.912990 0.394608 0.075980 0.029412
7 0.951389 0.435458 0.082516 0.034314
