4 0.255719 0.857435 0.089869 0.085784
4 0.362337 0.731209 0.085784 0.081699
4 0.289216 0.664216 0.089869 0.078431
4 0.176471 0.744690 0.114379 0.082516
4 0.456699 0.672794 0.091503 0.079248
4 0.540850 0.730801 0.091503 0.080882
4 0.469771 0.843954 0.098039 0.094771
4 0.660948 0.846405 0.086601 0.088235
4 0.798611 0.837010 0.090686 0.092320
4 0.730392 0.738971 0.089869 0.077614
4 0.804739 0.674837 0.086601 0.088235
4 0.634395 0.676062 0.089052 0.092320
4 0.693627 0.565359 0.104575 0.078431
4 0.794118 0.557598 0.091503 0.074346
4 0.193219 0.551062 0.100490 0.087418
4 0.198121 0.444853 0.087418 0.098856
4 0.210784 0.335784 0.089869 0.065359
4 0.227533 0.241422 0.097222 0.089052
4 0.327206 0.273693 0.089052 0.086601
4 0.425654 0.226716 0.084967 0.069444
4 0.532680 0.231618 0.071895 0.067810
4 0.638072 0.242647 0.078431 0.073529
4 0.761846 0.250000 0.080882 0.068627
4 0.786765 0.328840 0.073529 0.072712
4 0.697304 0.299020 0.069444 0.068627
4 0.587010 0.289624 0.064542 0.061275
4 0.480392 0.278595 0.073529 0.065359
4 0.416667 0.392974 0.089869 0.099673
4 0.285131 0.389297 0.086601 0.090686
4 0.296977 0.525327 0.090686 0.106209
4 0.474265 0.463644 0.079248 0.069444
4 0.411765 0.526961 0.057190 0.098039
4 0.521242 0.576797 0.081699 0.101307
4 0.611520 0.466912 0.085784 0.066176
4 0.657271 0.404003 0.092320 0.064542
4 0.769199 0.410948 0.064542 0.050654
4 0.732843 0.468954 0.078431 0.075163
4 0.809641 0.469771 0.068627 0.049020
4 0.527369 0.391748 0.092320 0.067810
