4 0.316585 0.765523 0.116830 0.116013
4 0.486928 0.713235 0.102941 0.106209
4 0.606618 0.678513 0.087418 0.084150
4 0.710784 0.640114 0.066993 0.085784
4 0.745098 0.566993 0.075163 0.080065
4 0.883170 0.580882 0.101307 0.084967
4 0.813725 0.479984 0.089869 0.079248
4 0.701797 0.446895 0.081699 0.062092
4 0.624592 0.458742 0.095588 0.082516
4 0.513480 0.493873 0.108660 0.071078
4 0.388889 0.519608 0.106209 0.086601
4 0.235703 0.671160 0.092320 0.092320
4 0.247141 0.547386 0.087418 0.073529
4 0.180147 0.482843 0.084150 0.073529
4 0.276552 0.464869 0.075980 0.075163
4 0.400327 0.439951 0.078431 0.066176
4 0.528186 0.412990 0.074346 0.059641
4 0.550654 0.357435 0.089869 0.051471
4 0.636029 0.354167 0.075980 0.072712
4 0.707108 0.316176 0.077614 0.055556
4 0.605392 0.260212 0.057190 0.044935
4 0.487337 0.271650 0.084150 0.054739
4 0.450572 0.348448 0.075980 0.074346
4 0.291258 0.363971 0.105392 0.069444
4 0.171977 0.301471 0.090686 0.075163
4 0.195261 0.392157 0.107843 0.066993
4 0.229167 0.244281 0.072712 0.053922
4 0.150735 0.191993 0.084150 0.058824
4 0.270425 0.183007 0.073529 0.050654
4 0.340686 0.285539 0.080065 0.059641
4 0.387255 0.242239 0.068627 0.051471
4 0.409314 0.178513 0.068627 0.048203
4 0.516340 0.223856 0.060458 0.047386
4 0.542484 0.164216 0.052288 0.040850
4 0.621324 0.209150 0.062908 0.040850
4 0.360703 0.657271 0.092320 0.095588
4 0.492647 0.622549 0.078431 0.081699
4 0.601307 0.593546 0.076797 0.072712
