5 0.286356 0.594771 0.268791 0.235294
5 0.620098 0.604984 0.235294 0.218137
5 0.863562 0.604167 0.181373 0.170752
5 0.913399 0.388480 0.173203 0.136438
5 0.533088 0.239788 0.229575 0.152778
5 0.233660 0.200980 0.217320 0.161765
5 0.795752 0.230392 0.197712 0.138889
5 0.937908 0.071895 0.124183 0.125817
5 0.741422 0.059641 0.187092 0.116013
5 0.506536 0.051879 0.187908 0.095588
5 0.237337 0.036356 0.208333 0.069444
5 0.290441 0.910131 0.262255 0.179739
5 0.591503 0.910131 0.236928 0.179739
5 0.850082 0.903595 0.232843 0.192810
