5 0.701389 0.891340 0.218137 0.196078
5 0.443219 0.865196 0.180556 0.166667
5 0.267157 0.850490 0.173203 0.147059
5 0.089052 0.830065 0.158497 0.140523
5 0.082516 0.639706 0.150327 0.111111
5 0.234477 0.657271 0.150327 0.110294
5 0.512663 0.661356 0.172386 0.116830
5 0.734886 0.689951 0.190359 0.126634
5 0.756127 0.548203 0.167484 0.086601
5 0.767974 0.437092 0.145425 0.070261
5 0.742647 0.333742 0.107843 0.067810
5 0.757353 0.250000 0.124183 0.058824
5 0.625817 0.264706 0.089869 0.053922
5 0.591912 0.402369 0.111928 0.058007
5 0.559232 0.508170 0.157680 0.084967
5 0.321078 0.507353 0.133987 0.096405
5 0.167484 0.506536 0.142157 0.089869
5 0.238154 0.388889 0.113562 0.068627
5 0.361111 0.386029 0.124183 0.067810
5 0.482026 0.352941 0.099673 0.062092
5 0.292075 0.298203 0.107026 0.060458
5 0.399918 0.288807 0.087418 0.054739
5 0.503676 0.280637 0.084150 0.054739
