8 0.077206 0.360703 0.059641 0.046569
8 0.134804 0.386029 0.047386 0.049837
8 0.180147 0.415850 0.053105 0.058824
8 0.238971 0.441585 0.058007 0.054739
8 0.319036 0.388072 0.054739 0.052288
8 0.260212 0.363154 0.058007 0.048203
8 0.202614 0.341912 0.058824 0.059641
8 0.159722 0.315359 0.051471 0.042484
8 0.159314 0.492647 0.068627 0.058824
8 0.094363 0.461601 0.066176 0.060458
8 0.049428 0.426471 0.069444 0.055556
8 0.298203 0.589052 0.107843 0.062092
8 0.397059 0.505310 0.078431 0.061275
8 0.421569 0.400735 0.062092 0.043301
8 0.478758 0.351716 0.063725 0.048203
8 0.545752 0.305556 0.049020 0.040850
8 0.604575 0.265931 0.040850 0.033497
8 0.644608 0.237745 0.047386 0.024510
8 0.553922 0.614379 0.086601 0.057190
8 0.488154 0.710376 0.090686 0.075980
8 0.590686 0.789624 0.086601 0.075980
8 0.667484 0.687908 0.098039 0.075163
8 0.816993 0.769199 0.142157 0.103758
8 0.732843 0.897876 0.130719 0.086601
8 0.906454 0.642974 0.108660 0.071895
8 0.801471 0.595588 0.073529 0.053922
8 0.714461 0.549020 0.092320 0.047386
8 0.767974 0.486928 0.070261 0.062092
8 0.851307 0.530229 0.106209 0.070261
8 0.962010 0.574346 0.069444 0.060458
8 0.910948 0.465278 0.078431 0.051471
8 0.825163 0.429739 0.062092 0.045752
8 0.873775 0.384395 0.059641 0.041667
8 0.910948 0.338235 0.060458 0.055556
8 0.949755 0.412582 0.069444 0.047386
8 0.390114 0.660539 0.093954 0.087418
8 0.468954 0.551471 0.091503 0.066993
8 0.544118 0.470588 0.071895 0.065359
8 0.624592 0.506127 0.074346 0.067810
8 0.676879 0.445261 0.069444 0.058824
8 0.607843 0.414624 0.058824 0.061275
8 0.732026 0.394608 0.058824 0.052288
8 0.783497 0.347222 0.053922 0.039216
8 0.840278 0.310458 0.069444 0.062092
8 0.767157 0.276144 0.055556 0.047386
8 0.715686 0.315768 0.057190 0.031863
8 0.665441 0.365605 0.062908 0.048203
8 0.697712 0.252451 0.039216 0.042484
8 0.658497 0.288807 0.068627 0.033497
8 0.602124 0.330882 0.052288 0.039216
8 0.540850 0.380310 0.058824 0.043301
8 0.473856 0.428922 0.063725 0.037582
8 0.323529 0.459150 0.071895 0.049020
8 0.217320 0.531046 0.083333 0.049020
8 0.058007 0.551062 0.093137 0.046569
8 0.384395 0.346405 0.062908 0.037582
8 0.331699 0.327206 0.068627 0.033497
8 0.278186 0.307190 0.058007 0.039216
8 0.224265 0.284722 0.053105 0.036765
8 0.284314 0.241830 0.055556 0.029412
8 0.341095 0.261029 0.059641 0.023693
7 0.440768 0.302696 0.059641 0.035131
7 0.478350 0.265931 0.049837 0.030229
7 0.530637 0.235703 0.056373 0.025327
7 0.559641 0.203431 0.047386 0.037582
7 0.511029 0.191176 0.035131 0.035948
7 0.472631 0.173203 0.036765 0.039216
7 0.428513 0.159314 0.038399 0.045752
7 0.478350 0.217729 0.033497 0.020425
7 0.436275 0.203840 0.037582 0.018791
7 0.384395 0.191585 0.040033 0.022059
7 0.337418 0.213235 0.047386 0.029412
7 0.398284 0.223448 0.048203 0.038399
7 0.443219 0.241013 0.054739 0.027778
7 0.384395 0.280229 0.061275 0.037582
