6 0.107843 0.723039 0.132353 0.088235
6 0.315359 0.738154 0.119281 0.084150
6 0.495915 0.749183 0.117647 0.089869
6 0.660539 0.772059 0.098856 0.086601
6 0.774510 0.765114 0.098039 0.095588
6 0.128268 0.600082 0.120915 0.079248
6 0.305964 0.607435 0.111928 0.079248
6 0.481209 0.620098 0.107843 0.071895
6 0.667075 0.630719 0.154412 0.104575
6 0.851307 0.633170 0.129085 0.091503
6 0.151552 0.508170 0.102124 0.058824
6 0.309641 0.513480 0.098039 0.069444
6 0.487337 0.522876 0.116830 0.066993
6 0.647876 0.488971 0.114379 0.080882
6 0.800245 0.515931 0.116830 0.071078
6 0.707516 0.430556 0.114379 0.057190
6 0.582925 0.418709 0.090686 0.049837
6 0.478758 0.441176 0.093137 0.057190
6 0.347222 0.415441 0.091503 0.054739
6 0.217729 0.401144 0.084150 0.052288
6 0.192402 0.330474 0.098856 0.051471
6 0.332108 0.342320 0.089052 0.044118
6 0.471405 0.357026 0.089869 0.050654
6 0.916667 0.756536 0.142157 0.114379
6 0.752042 0.372549 0.089052 0.044118
6 0.600899 0.359886 0.085784 0.061275
