4 0.198529 0.104984 0.119281 0.134804
4 0.335784 0.188725 0.117647 0.142157
4 0.447304 0.134395 0.103758 0.103758
4 0.522876 0.212418 0.080065 0.086601
4 0.579248 0.144608 0.094771 0.091503
4 0.644608 0.224673 0.080065 0.096405
4 0.700163 0.147467 0.094771 0.097222
4 0.767974 0.234477 0.084967 0.089869
4 0.856209 0.271242 0.084967 0.089869
4 0.841503 0.160948 0.101307 0.088235
4 0.829248 0.370098 0.080065 0.066993
4 0.859069 0.447304 0.089052 0.064542
4 0.830065 0.547794 0.093137 0.072712
4 0.194853 0.256127 0.123366 0.131536
4 0.301879 0.346405 0.115196 0.106209
4 0.437500 0.348856 0.090686 0.127451
4 0.572712 0.350899 0.132353 0.085784
4 0.717320 0.368056 0.114379 0.089052
4 0.775735 0.449346 0.071078 0.089869
4 0.723039 0.559641 0.099673 0.096405
4 0.821895 0.662582 0.089869 0.083333
4 0.791258 0.817810 0.084150 0.086601
4 0.743464 0.732435 0.093137 0.072712
4 0.649918 0.448529 0.095588 0.094771
4 0.560458 0.566993 0.076797 0.106209
4 0.657680 0.669118 0.081699 0.099673
4 0.670343 0.832516 0.087418 0.083333
4 0.560458 0.731209 0.088235 0.098039
4 0.500817 0.837418 0.122549 0.089869
4 0.475490 0.674428 0.078431 0.097222
4 0.432598 0.517974 0.072712 0.114379
4 0.510621 0.450163 0.086601 0.098039
4 0.324755 0.508987 0.103758 0.125817
4 0.300654 0.672386 0.094771 0.091503
4 0.386846 0.748775 0.092320 0.089052
4 0.289624 0.865196 0.082516 0.091503
4 0.194444 0.763072 0.111111 0.086601
4 0.194444 0.544526 0.104575 0.113562
4 0.188317 0.405229 0.090686 0.119281
