5 0.682190 0.571078 0.070261 0.080065
5 0.756536 0.541258 0.070261 0.072712
5 0.823938 0.519199 0.061275 0.056373
5 0.654820 0.460784 0.080882 0.070261
5 0.738971 0.448121 0.071078 0.067810
5 0.841503 0.421569 0.066993 0.062092
5 0.908497 0.411765 0.065359 0.053922
5 0.948121 0.481209 0.061275 0.063725
5 0.886846 0.495915 0.066176 0.049020
5 0.609069 0.375408 0.085784 0.069444
5 0.696078 0.363971 0.076797 0.067810
5 0.801471 0.345180 0.065359 0.056373
5 0.877451 0.352124 0.062092 0.049020
5 0.845180 0.295752 0.062908 0.045752
5 0.765114 0.279003 0.051471 0.038399
5 0.792075 0.233252 0.059641 0.046569
5 0.759804 0.167075 0.066993 0.036765
5 0.505310 0.193627 0.085784 0.060458
5 0.562500 0.287990 0.085784 0.067810
5 0.580882 0.192402 0.062092 0.062908
5 0.644199 0.185049 0.066176 0.058007
5 0.701797 0.175245 0.053922 0.048203
5 0.681781 0.236928 0.054739 0.032680
5 0.622549 0.275327 0.053922 0.053922
5 0.337827 0.252451 0.085784 0.066993
5 0.375408 0.348039 0.087418 0.071895
5 0.416667 0.441585 0.096405 0.080882
5 0.462010 0.548203 0.093954 0.080065
5 0.494690 0.632761 0.087418 0.080882
5 0.239379 0.255719 0.094771 0.062092
5 0.268791 0.357843 0.102941 0.075163
5 0.307190 0.459150 0.102941 0.084967
5 0.370098 0.553105 0.081699 0.070261
5 0.397876 0.660539 0.084967 0.092320
5 0.265114 0.573529 0.095588 0.081699
5 0.290850 0.687092 0.109477 0.107843
5 0.167892 0.725490 0.110294 0.119281
5 0.132353 0.601716 0.125817 0.105392
5 0.173611 0.481209 0.098856 0.068627
5 0.072712 0.254085 0.091503 0.065359
5 0.091912 0.329657 0.098856 0.067810
5 0.111111 0.410948 0.102941 0.073529
5 0.036765 0.508578 0.071895 0.069444
5 0.026552 0.765931 0.048203 0.129902
5 0.028186 0.424837 0.051471 0.068627
