7 0.023693 0.618873 0.040850 0.051471
7 0.110703 0.610703 0.077614 0.054739
7 0.079248 0.707516 0.088235 0.066993
7 0.040033 0.819444 0.073529 0.066993
7 0.163399 0.807190 0.106209 0.073529
7 0.207108 0.686275 0.093954 0.063725
7 0.248775 0.584150 0.075980 0.062092
7 0.345588 0.784314 0.114379 0.078431
7 0.365605 0.652369 0.110294 0.064542
7 0.387663 0.557190 0.080882 0.060458
7 0.088235 0.296569 0.068627 0.037582
7 0.056373 0.386846 0.081699 0.044935
7 0.200980 0.381944 0.062092 0.033497
7 0.214052 0.297386 0.058824 0.045752
7 0.353350 0.297386 0.062908 0.040850
7 0.339052 0.381127 0.071895 0.043301
7 0.779003 0.294118 0.072712 0.037582
7 0.808824 0.376225 0.070261 0.044935
7 0.959150 0.372958 0.063725 0.035131
7 0.915850 0.274510 0.080065 0.047386
7 0.740605 0.203431 0.072712 0.032680
7 0.866422 0.187092 0.071078 0.034314
7 0.705882 0.121324 0.055556 0.025327
7 0.818627 0.118873 0.065359 0.026961
7 0.964869 0.554739 0.065359 0.062092
8 0.126225 0.128676 0.051471 0.046569
8 0.237337 0.127042 0.056373 0.028595
8 0.347631 0.129493 0.061275 0.030229
8 0.500408 0.127859 0.059641 0.031863
8 0.613154 0.124592 0.058007 0.030229
8 0.104167 0.222631 0.056373 0.031863
8 0.227533 0.216095 0.058007 0.035131
8 0.345997 0.215686 0.066176 0.031046
8 0.508578 0.216503 0.049837 0.039216
8 0.518382 0.298203 0.077614 0.045752
8 0.526552 0.389297 0.051471 0.049837
8 0.640931 0.211193 0.058007 0.038399
8 0.660539 0.300654 0.080882 0.049020
8 0.672386 0.381944 0.070261 0.044935
8 0.802288 0.450163 0.073529 0.047386
8 0.917484 0.439542 0.063725 0.049020
8 0.518382 0.558824 0.075980 0.052288
8 0.678105 0.545752 0.073529 0.058824
8 0.836193 0.555556 0.102124 0.063725
8 0.552696 0.644199 0.108660 0.064542
8 0.721405 0.645833 0.089869 0.058007
8 0.872958 0.653186 0.069444 0.066176
8 0.570261 0.783497 0.125817 0.078431
8 0.774101 0.784314 0.105392 0.094771
8 0.952614 0.794118 0.086601 0.116013
