4 0.273693 0.744281 0.169935 0.129085
4 0.475490 0.872958 0.179739 0.160948
4 0.504085 0.707516 0.148693 0.116013
4 0.784722 0.685866 0.165850 0.121732
4 0.496732 0.545343 0.147059 0.087418
4 0.281046 0.543301 0.138889 0.109477
4 0.080065 0.592729 0.155229 0.105392
4 0.103350 0.448529 0.133170 0.084967
4 0.140114 0.352941 0.115196 0.068627
4 0.142974 0.259804 0.091503 0.053922
4 0.251634 0.218137 0.119281 0.053922
4 0.343546 0.155229 0.093954 0.032680
4 0.446895 0.131944 0.107843 0.038399
4 0.521650 0.185049 0.082516 0.062908
4 0.680964 0.183007 0.102124 0.039216
4 0.806373 0.222631 0.104575 0.056373
4 0.946078 0.269199 0.107843 0.056373
4 0.939542 0.348039 0.106209 0.066993
4 0.819036 0.380719 0.131536 0.073529
4 0.298611 0.308824 0.118464 0.058824
4 0.401552 0.238562 0.115196 0.052288
4 0.495915 0.266340 0.137255 0.057190
4 0.520016 0.350082 0.121732 0.062908
4 0.469363 0.441993 0.144608 0.076797
4 0.294118 0.427288 0.133987 0.080065
4 0.651552 0.505310 0.160948 0.079248
4 0.825572 0.468137 0.128268 0.084967
4 0.828431 0.574755 0.045752 0.116830
4 0.917484 0.600082 0.114379 0.075980
4 0.958742 0.444853 0.077614 0.053105
4 0.953023 0.516748 0.093954 0.082516
4 0.659722 0.316993 0.123366 0.065359
4 0.645425 0.394608 0.117647 0.068627
4 0.664216 0.241830 0.094771 0.045752
4 0.792484 0.291667 0.094771 0.057190
