6 0.110703 0.568219 0.191993 0.125000
6 0.403595 0.545343 0.176471 0.128268
6 0.619281 0.531454 0.158497 0.116830
6 0.888480 0.589869 0.182190 0.120915
6 0.836601 0.364788 0.132353 0.074346
6 0.620098 0.343137 0.140523 0.078431
6 0.423203 0.370507 0.142157 0.084150
6 0.177288 0.378676 0.153595 0.084150
6 0.222631 0.273693 0.125000 0.058824
6 0.228350 0.188317 0.116830 0.056373
6 0.434641 0.258987 0.107843 0.039216
6 0.450980 0.186275 0.107843 0.049020
6 0.628268 0.183415 0.107843 0.051471
6 0.613154 0.261846 0.090686 0.044935
6 0.798203 0.263480 0.112745 0.059641
6 0.751634 0.179739 0.099673 0.047386
