4 0.087827 0.573938 0.113562 0.049837
4 0.176062 0.621732 0.113562 0.065359
4 0.275735 0.673203 0.121732 0.094771
4 0.388480 0.738562 0.121732 0.111111
4 0.673203 0.887663 0.127451 0.156046
4 0.839461 0.837418 0.110294 0.117647
4 0.819036 0.647059 0.085784 0.065359
4 0.696078 0.683007 0.093137 0.068627
4 0.591912 0.689542 0.107026 0.084967
4 0.464052 0.623366 0.096405 0.080065
4 0.327206 0.588235 0.098856 0.062092
4 0.260621 0.530229 0.088235 0.035948
4 0.378676 0.532680 0.097222 0.049020
4 0.489788 0.569036 0.097222 0.054739
4 0.638480 0.582108 0.085784 0.053105
4 0.718546 0.569444 0.085784 0.045752
4 0.822712 0.548203 0.084967 0.044118
4 0.818627 0.496732 0.075163 0.039216
4 0.742647 0.496732 0.065359 0.029412
4 0.677288 0.501634 0.070261 0.040850
4 0.585784 0.524510 0.089869 0.044118
4 0.491830 0.515114 0.076797 0.040033
4 0.446078 0.477124 0.076797 0.032680
4 0.350082 0.479167 0.061275 0.025327
4 0.261438 0.479167 0.078431 0.030229
4 0.331291 0.444444 0.062908 0.024510
4 0.404003 0.445670 0.048203 0.017157
4 0.493464 0.441993 0.063725 0.026144
4 0.563725 0.443219 0.057190 0.020425
4 0.615196 0.473856 0.065359 0.026144
4 0.705882 0.455065 0.068627 0.035948
4 0.629493 0.438725 0.058007 0.022876
4 0.582108 0.418301 0.056373 0.019608
4 0.526552 0.417892 0.049837 0.018791
4 0.487745 0.397467 0.042484 0.018791
4 0.444036 0.421160 0.056373 0.017157
4 0.427288 0.395016 0.045752 0.020425
4 0.381944 0.417075 0.056373 0.025327
