4 0.225490 0.239379 0.107843 0.099673
4 0.331699 0.272876 0.101307 0.098039
4 0.418301 0.224673 0.078431 0.075163
4 0.480801 0.284722 0.061275 0.072712
4 0.529003 0.211601 0.082516 0.068627
4 0.586601 0.292484 0.066993 0.080065
4 0.639706 0.226307 0.093137 0.068627
4 0.700163 0.299837 0.070261 0.081699
4 0.757761 0.243873 0.089052 0.069444
4 0.787173 0.329657 0.084150 0.069444
4 0.767974 0.404003 0.080065 0.043301
4 0.805964 0.465278 0.084150 0.040033
4 0.794935 0.553513 0.093137 0.072712
4 0.800654 0.667892 0.106209 0.095588
4 0.723448 0.462010 0.056373 0.087418
4 0.656454 0.397467 0.095588 0.059641
4 0.613154 0.467320 0.087418 0.068627
4 0.693219 0.567810 0.107026 0.084967
4 0.729575 0.736928 0.088235 0.080065
4 0.798611 0.839052 0.100490 0.102941
4 0.658088 0.851307 0.100490 0.104575
4 0.636029 0.676879 0.093954 0.100490
4 0.542484 0.726716 0.091503 0.090686
4 0.526552 0.575163 0.085784 0.114379
4 0.477533 0.464869 0.089052 0.076797
4 0.531454 0.390931 0.102124 0.069444
4 0.410539 0.389706 0.087418 0.111111
4 0.401552 0.524918 0.056373 0.111928
4 0.449755 0.669935 0.098856 0.091503
4 0.470997 0.848039 0.121732 0.104575
4 0.363154 0.732026 0.087418 0.088235
4 0.286765 0.660948 0.101307 0.089869
4 0.304330 0.527369 0.098856 0.107026
4 0.292075 0.388072 0.093954 0.089869
4 0.194036 0.438317 0.089052 0.095588
4 0.193219 0.546569 0.107026 0.088235
4 0.178105 0.748366 0.106209 0.078431
4 0.267157 0.862337 0.116013 0.092320
4 0.214869 0.332108 0.101307 0.066176
