5 0.574346 0.723448 0.323529 0.242647
5 0.111928 0.665033 0.220588 0.223856
5 0.248775 0.406863 0.239379 0.168301
5 0.058824 0.383578 0.114379 0.144608
5 0.122549 0.188317 0.192810 0.120098
5 0.330065 0.190768 0.210784 0.116830
5 0.542892 0.137663 0.182190 0.108660
5 0.731209 0.236928 0.223856 0.098039
5 0.678513 0.428105 0.285131 0.151961
5 0.958333 0.126634 0.083333 0.111111
5 0.966503 0.319444 0.066993 0.142157
5 0.944853 0.526961 0.110294 0.168301
5 0.908088 0.799837 0.183824 0.246732
5 0.137663 0.950980 0.273693 0.098039
5 0.220997 0.037990 0.170752 0.074346
5 0.405229 0.034722 0.158497 0.067810
5 0.579657 0.027778 0.149510 0.053922
5 0.797794 0.017157 0.152778 0.032680
