4 0.155637 0.055556 0.152778 0.109477
4 0.319036 0.140523 0.131536 0.176471
4 0.449346 0.078840 0.111111 0.123366
4 0.530637 0.171569 0.084150 0.106209
4 0.599265 0.096405 0.085784 0.111111
4 0.669935 0.191585 0.086601 0.097222
4 0.741013 0.101716 0.109477 0.095588
4 0.809232 0.202206 0.080882 0.107026
4 0.906454 0.239379 0.098856 0.101307
4 0.886846 0.109886 0.108660 0.093954
4 0.879902 0.347631 0.091503 0.072712
4 0.912990 0.444853 0.093954 0.062908
4 0.882353 0.559232 0.111111 0.090686
4 0.824755 0.441585 0.077614 0.095588
4 0.746732 0.351716 0.111111 0.107026
4 0.682598 0.442402 0.107026 0.090686
4 0.764297 0.575163 0.118464 0.114379
4 0.779820 0.775735 0.108660 0.092320
4 0.873775 0.689951 0.090686 0.097222
4 0.695670 0.706291 0.097222 0.125000
4 0.714052 0.901961 0.098039 0.106209
4 0.850082 0.877042 0.095588 0.107026
4 0.582925 0.783497 0.102124 0.114379
4 0.483252 0.709559 0.107026 0.110294
4 0.577206 0.580065 0.092320 0.125817
4 0.526552 0.448529 0.085784 0.102941
4 0.437908 0.527369 0.091503 0.118464
4 0.282680 0.716912 0.122549 0.103758
4 0.383170 0.814951 0.125817 0.115196
4 0.508578 0.916258 0.141340 0.110294
4 0.268382 0.955065 0.120098 0.089869
4 0.158088 0.841912 0.147876 0.100490
4 0.154003 0.569036 0.146242 0.138072
4 0.300245 0.527369 0.121732 0.160948
4 0.434641 0.335784 0.102941 0.155229
4 0.591503 0.332108 0.120915 0.090686
4 0.287990 0.337418 0.129902 0.135621
4 0.139297 0.397467 0.108660 0.128268
4 0.155229 0.223039 0.119281 0.143791
