6 0.323121 0.955474 0.152778 0.089052
6 0.310866 0.765523 0.138072 0.156863
6 0.493873 0.877859 0.103758 0.128268
6 0.489379 0.696078 0.107843 0.124183
6 0.305556 0.532271 0.145425 0.152778
6 0.516748 0.515114 0.103758 0.121732
6 0.289216 0.295752 0.160131 0.158497
6 0.301062 0.055964 0.142974 0.108660
6 0.445670 0.176062 0.129902 0.151144
6 0.445261 0.357843 0.125817 0.138889
6 0.582925 0.314134 0.116830 0.136438
6 0.595180 0.131944 0.103758 0.131536
6 0.737745 0.171977 0.089869 0.123366
6 0.745098 0.345180 0.098039 0.136438
6 0.647876 0.501634 0.101307 0.127451
6 0.766340 0.515114 0.076797 0.093954
6 0.669118 0.693219 0.081699 0.103758
6 0.677288 0.819853 0.081699 0.100490
6 0.773284 0.674428 0.079248 0.092320
6 0.834559 0.186275 0.075980 0.109477
6 0.848448 0.292892 0.069444 0.087418
6 0.859477 0.390114 0.060458 0.074346
6 0.860703 0.513480 0.061275 0.092320
6 0.871732 0.648693 0.057190 0.084967
6 0.851716 0.756944 0.064542 0.090686
