6 0.212827 0.875817 0.188725 0.223856
6 0.432190 0.858660 0.163399 0.204248
6 0.671160 0.832925 0.125000 0.193627
6 0.898693 0.819444 0.101307 0.187908
6 0.228350 0.530229 0.182190 0.200980
6 0.481209 0.570261 0.114379 0.130719
6 0.668301 0.586193 0.102941 0.133170
6 0.837827 0.574346 0.087418 0.133987
6 0.256536 0.264297 0.155229 0.154412
6 0.489379 0.363562 0.142157 0.163399
6 0.660948 0.357026 0.114379 0.138889
6 0.819036 0.392565 0.092320 0.128268
6 0.788399 0.176062 0.075163 0.110294
6 0.645016 0.143791 0.103758 0.122549
6 0.500000 0.090278 0.112745 0.128268
