4 0.674837 0.085376 0.101307 0.059641
4 0.726307 0.166667 0.093137 0.091503
4 0.877451 0.187092 0.122549 0.057190
4 0.959150 0.261846 0.081699 0.079248
4 0.930964 0.356618 0.110294 0.090686
4 0.882353 0.470588 0.145425 0.124183
4 0.969771 0.582925 0.060458 0.075980
4 0.950572 0.685866 0.089052 0.120098
4 0.790441 0.698121 0.090686 0.128268
4 0.651552 0.779820 0.182190 0.128268
4 0.650327 0.610703 0.143791 0.129902
4 0.495507 0.576797 0.164216 0.098039
4 0.449755 0.747141 0.147876 0.121732
4 0.359069 0.908088 0.180556 0.139706
4 0.254085 0.723039 0.161765 0.116013
4 0.158905 0.529003 0.152778 0.107026
4 0.332108 0.533905 0.133170 0.102124
4 0.544526 0.445261 0.131536 0.098039
4 0.719363 0.456699 0.113562 0.098039
4 0.770016 0.350490 0.136438 0.083333
4 0.632761 0.348039 0.120098 0.078431
4 0.504085 0.328023 0.119281 0.090686
4 0.457516 0.250817 0.130719 0.081699
4 0.291258 0.276552 0.111928 0.069444
4 0.232843 0.386846 0.117647 0.092320
4 0.376225 0.405229 0.120098 0.114379
4 0.060049 0.364379 0.110294 0.063725
4 0.140931 0.270425 0.110294 0.088235
4 0.336193 0.186683 0.092320 0.067810
4 0.450980 0.154820 0.106209 0.075980
4 0.587827 0.188725 0.113562 0.071895
4 0.642157 0.262255 0.122549 0.080065
4 0.837827 0.270016 0.115196 0.077614
4 0.567810 0.102124 0.093137 0.062092
4 0.830882 0.579248 0.120915 0.084967
