6 0.225899 0.850899 0.111928 0.125000
6 0.419526 0.790441 0.113562 0.125000
6 0.561275 0.742239 0.106209 0.113562
6 0.708742 0.699755 0.098856 0.103758
6 0.839869 0.651144 0.102941 0.104575
6 0.737745 0.544935 0.089869 0.083333
6 0.627451 0.573938 0.091503 0.087418
6 0.495507 0.575980 0.095588 0.084967
6 0.410948 0.658905 0.101307 0.108660
6 0.274918 0.698529 0.128268 0.112745
6 0.173611 0.587010 0.113562 0.100490
6 0.322304 0.557190 0.110294 0.102941
6 0.449755 0.474265 0.097222 0.077614
6 0.584559 0.429739 0.075980 0.058824
6 0.692810 0.404412 0.073529 0.060458
6 0.642974 0.321895 0.078431 0.058824
6 0.538807 0.350082 0.077614 0.067810
6 0.421160 0.374183 0.080882 0.063725
6 0.288399 0.413399 0.127451 0.094771
6 0.140931 0.447304 0.111928 0.087418
6 0.105392 0.350082 0.098039 0.074346
6 0.197712 0.319036 0.076797 0.061275
6 0.278186 0.297794 0.066176 0.059641
6 0.379085 0.272467 0.078431 0.066176
6 0.483660 0.262255 0.070261 0.057190
6 0.589869 0.241013 0.070261 0.060458
