7 0.430556 0.472631 0.088235 0.061275
7 0.397467 0.631536 0.087418 0.080065
7 0.046569 0.533905 0.088235 0.062908
7 0.639706 0.479984 0.093137 0.066176
7 0.668301 0.638480 0.120915 0.103758
7 0.913807 0.487337 0.098856 0.069444
7 0.964869 0.645833 0.058824 0.092320
7 0.249183 0.221405 0.060458 0.029412
7 0.160948 0.214461 0.060458 0.035131
7 0.056373 0.205882 0.065359 0.027778
7 0.261029 0.189134 0.058007 0.017157
7 0.177696 0.179739 0.053105 0.021242
7 0.099265 0.168301 0.048203 0.022876
7 0.260212 0.159314 0.040033 0.016340
7 0.188317 0.154412 0.044935 0.013072
7 0.118873 0.147876 0.044935 0.014706
7 0.476716 0.217320 0.058007 0.031046
7 0.484069 0.177288 0.041667 0.019608
7 0.493464 0.143382 0.045752 0.020425
8 0.109477 0.278186 0.076797 0.038399
8 0.220180 0.270425 0.064542 0.029412
8 0.453431 0.293301 0.080065 0.026144
8 0.433824 0.368464 0.088235 0.044118
8 0.179330 0.339052 0.098856 0.035948
8 0.040033 0.345588 0.078431 0.037582
