5 0.223448 0.658497 0.100490 0.088235
5 0.348039 0.651552 0.089869 0.080882
5 0.458333 0.643791 0.084967 0.076797
5 0.558824 0.637255 0.094771 0.073529
5 0.666258 0.608252 0.092320 0.069444
5 0.767157 0.604167 0.098039 0.069444
5 0.730392 0.530229 0.078431 0.045752
5 0.575980 0.540441 0.065359 0.048203
5 0.481618 0.546977 0.075980 0.061275
5 0.363971 0.550654 0.075980 0.060458
5 0.243464 0.552696 0.081699 0.058007
5 0.256127 0.486928 0.077614 0.047386
5 0.269608 0.436275 0.073529 0.037582
5 0.364788 0.445261 0.072712 0.037582
5 0.467320 0.446895 0.080065 0.040850
5 0.610294 0.477941 0.073529 0.040850
5 0.690359 0.471405 0.071895 0.037582
5 0.662173 0.425245 0.062908 0.031863
5 0.566993 0.433824 0.068627 0.042484
5 0.285131 0.380719 0.070261 0.029412
5 0.372141 0.396242 0.061275 0.032680
5 0.464052 0.391748 0.065359 0.036765
5 0.554330 0.388480 0.069444 0.035131
5 0.643791 0.383987 0.065359 0.032680
