5 0.182598 0.769199 0.183824 0.152778
5 0.368873 0.727124 0.120098 0.160131
5 0.525735 0.699346 0.167484 0.120915
5 0.690359 0.672794 0.169935 0.108660
5 0.866830 0.641340 0.155229 0.119281
5 0.160539 0.633987 0.160948 0.107843
5 0.145425 0.519199 0.142157 0.100490
5 0.300654 0.493056 0.125817 0.071078
5 0.482435 0.579657 0.133170 0.084150
5 0.633578 0.561683 0.146242 0.082516
5 0.899101 0.466095 0.144608 0.066176
5 0.814542 0.388072 0.148693 0.053922
5 0.733660 0.475899 0.142157 0.085784
5 0.560458 0.450163 0.119281 0.070261
5 0.449755 0.488562 0.138072 0.076797
5 0.676062 0.388480 0.121732 0.056373
5 0.755310 0.331291 0.111928 0.035131
5 0.704248 0.282271 0.102941 0.035131
5 0.177696 0.328023 0.111928 0.048203
5 0.180147 0.401144 0.107026 0.063725
5 0.341503 0.305964 0.109477 0.033497
5 0.477124 0.300245 0.112745 0.033497
5 0.514297 0.359069 0.128268 0.058007
5 0.605392 0.284314 0.101307 0.049020
5 0.360294 0.366013 0.127451 0.070261
5 0.301062 0.598856 0.082516 0.106209
