5 0.455474 0.711601 0.209967 0.222222
5 0.171977 0.806781 0.339052 0.262255
5 0.683007 0.694036 0.138889 0.188725
5 0.917484 0.672794 0.160131 0.100490
5 0.594771 0.495098 0.217320 0.117647
5 0.350490 0.521650 0.235294 0.125000
5 0.092320 0.546160 0.183007 0.154412
5 0.215686 0.339052 0.178105 0.076797
5 0.176879 0.260621 0.156046 0.057190
5 0.331291 0.242239 0.098856 0.079248
5 0.419526 0.321078 0.154412 0.083333
5 0.050654 0.415441 0.099673 0.089052
5 0.035131 0.321895 0.068627 0.065359
5 0.495915 0.250000 0.137255 0.045752
5 0.638889 0.247958 0.129085 0.043301
5 0.715686 0.300245 0.119281 0.036765
5 0.821487 0.361111 0.092320 0.049020
5 0.926062 0.435866 0.147876 0.058007
5 0.580065 0.317402 0.143791 0.054739
5 0.703023 0.370098 0.139706 0.047386
