5 0.604575 0.658088 0.127451 0.123366
5 0.457516 0.657680 0.112745 0.119281
5 0.320261 0.635621 0.099673 0.130719
5 0.154003 0.643382 0.129902 0.125000
5 0.162173 0.479984 0.120098 0.097222
5 0.332516 0.496732 0.106209 0.102941
5 0.503268 0.504493 0.109477 0.103758
5 0.635621 0.500000 0.089869 0.094771
5 0.827614 0.502859 0.114379 0.079248
5 0.855801 0.627859 0.123366 0.120098
5 0.738971 0.610294 0.092320 0.114379
5 0.678513 0.402778 0.111928 0.066993
5 0.794935 0.395425 0.098039 0.071895
5 0.773693 0.317402 0.094771 0.059641
5 0.754085 0.236111 0.101307 0.063725
5 0.608252 0.237337 0.100490 0.064542
5 0.621732 0.324346 0.106209 0.070261
5 0.486928 0.325572 0.109477 0.079248
5 0.334967 0.319444 0.101307 0.071895
5 0.189542 0.289624 0.119281 0.066176
5 0.172386 0.378268 0.111111 0.078431
5 0.210784 0.189951 0.093137 0.051471
5 0.346814 0.230392 0.100490 0.062092
5 0.484886 0.225082 0.089052 0.074346
