5 0.403186 0.924428 0.352124 0.147876
5 0.141748 0.817402 0.270425 0.213235
5 0.353758 0.607026 0.261438 0.160131
5 0.530229 0.473856 0.223856 0.155229
5 0.639706 0.368056 0.160131 0.092320
5 0.823121 0.502042 0.237745 0.125000
5 0.781863 0.668301 0.124183 0.142157
5 0.598039 0.798611 0.284314 0.147876
5 0.090278 0.441993 0.172386 0.140523
5 0.100082 0.244690 0.180556 0.107026
5 0.247958 0.160948 0.172386 0.089869
5 0.376634 0.085376 0.147059 0.075980
5 0.617239 0.184232 0.146242 0.072712
5 0.757353 0.251225 0.150327 0.087418
5 0.915850 0.303922 0.168301 0.065359
5 0.832516 0.372958 0.124183 0.121732
5 0.243056 0.320261 0.154412 0.133987
5 0.382761 0.227124 0.162582 0.088235
5 0.535539 0.259804 0.134804 0.093137
