7 0.175654 0.322304 0.176471 0.218137
7 0.463235 0.360703 0.116013 0.156046
7 0.509395 0.061275 0.160948 0.111111
7 0.712827 0.086193 0.131536 0.165850
7 0.872141 0.189542 0.110294 0.147059
7 0.687092 0.393791 0.137255 0.179739
7 0.868464 0.417892 0.117647 0.174020
7 0.154003 0.661765 0.151144 0.178105
7 0.423611 0.671160 0.120098 0.165850
7 0.661765 0.667892 0.122549 0.174020
7 0.838235 0.667484 0.112745 0.155229
8 0.107843 0.934641 0.174837 0.130719
8 0.403186 0.930964 0.152778 0.138072
8 0.624183 0.924428 0.132353 0.151144
8 0.813725 0.912173 0.112745 0.165850
