6 0.683415 0.793709 0.164216 0.174020
6 0.546569 0.627451 0.161765 0.132353
6 0.333333 0.628268 0.156863 0.129085
6 0.176879 0.555964 0.131536 0.102124
6 0.051471 0.508987 0.101307 0.083333
6 0.130719 0.438317 0.088235 0.061275
6 0.285948 0.441176 0.140523 0.080065
6 0.187908 0.379085 0.078431 0.050654
6 0.444853 0.495098 0.134804 0.102941
6 0.605801 0.506127 0.125000 0.082516
6 0.741013 0.574346 0.142157 0.109477
6 0.762663 0.463235 0.118464 0.080065
6 0.583742 0.417075 0.087418 0.056373
6 0.472222 0.388889 0.096405 0.063725
6 0.373775 0.355801 0.082516 0.046569
6 0.269608 0.325572 0.080065 0.046569
6 0.337010 0.283905 0.066176 0.028595
6 0.434641 0.296160 0.073529 0.031863
6 0.521650 0.311683 0.064542 0.040033
6 0.656454 0.356618 0.082516 0.046569
6 0.791258 0.375817 0.095588 0.055556
6 0.803513 0.310049 0.092320 0.044935
6 0.685458 0.303513 0.075163 0.038399
6 0.562500 0.268791 0.062908 0.029412
6 0.479984 0.253268 0.064542 0.027778
6 0.396650 0.240605 0.062908 0.026961
