4 0.470997 0.296160 0.071078 0.028595
4 0.512663 0.331699 0.061275 0.039216
4 0.604575 0.341095 0.084967 0.033497
4 0.676879 0.372141 0.071078 0.041667
4 0.761438 0.412990 0.076797 0.049837
4 0.869690 0.464461 0.100490 0.053105
4 0.838644 0.522876 0.097222 0.057190
4 0.739379 0.469771 0.076797 0.045752
4 0.749592 0.533088 0.072712 0.041667
4 0.723448 0.590686 0.061275 0.063725
4 0.644608 0.619281 0.109477 0.070261
4 0.632353 0.540441 0.084967 0.051471
4 0.653595 0.477124 0.088235 0.062092
4 0.659722 0.419935 0.067810 0.044118
4 0.561683 0.420752 0.087418 0.031046
4 0.587010 0.381944 0.066176 0.035131
4 0.541258 0.477941 0.082516 0.052288
4 0.510621 0.570670 0.104575 0.077614
4 0.545343 0.683415 0.123366 0.077614
4 0.397059 0.560049 0.112745 0.064542
4 0.418301 0.487745 0.093137 0.055556
4 0.464461 0.435866 0.077614 0.048203
4 0.475082 0.388480 0.092320 0.044935
4 0.415850 0.353350 0.065359 0.036765
4 0.395425 0.308007 0.068627 0.037582
4 0.326797 0.343546 0.075163 0.033497
4 0.338235 0.385621 0.076797 0.027778
4 0.383170 0.427696 0.075163 0.048203
4 0.250408 0.364788 0.066176 0.044935
4 0.221814 0.411356 0.067810 0.044935
4 0.296977 0.473039 0.089052 0.053922
4 0.270016 0.546569 0.087418 0.065359
4 0.377451 0.671160 0.101307 0.072712
4 0.314542 0.785131 0.143791 0.102941
4 0.222631 0.675245 0.105392 0.082516
4 0.133170 0.559232 0.116013 0.051471
4 0.055964 0.475490 0.084150 0.042484
4 0.192402 0.475899 0.082516 0.048203
4 0.118056 0.421160 0.084150 0.058007
