6 0.078023 0.317402 0.113562 0.087418
6 0.159722 0.406046 0.113562 0.096405
6 0.281863 0.526144 0.119281 0.094771
6 0.419526 0.678922 0.111928 0.114379
6 0.522467 0.539624 0.087418 0.089052
6 0.401144 0.433007 0.089869 0.083333
6 0.305556 0.337010 0.080065 0.071078
6 0.210784 0.220588 0.102941 0.080065
6 0.330882 0.144608 0.088235 0.078431
6 0.404820 0.266340 0.102124 0.089869
6 0.521242 0.347222 0.086601 0.093137
6 0.620098 0.456699 0.088235 0.091503
6 0.731618 0.346405 0.080882 0.080065
6 0.631944 0.256127 0.085784 0.085784
6 0.552288 0.171977 0.086601 0.079248
6 0.495098 0.060458 0.081699 0.068627
