4 0.159314 0.182190 0.071895 0.071895
4 0.236928 0.143791 0.081699 0.088235
4 0.314951 0.145425 0.043301 0.081699
4 0.399101 0.172386 0.079248 0.083333
4 0.397876 0.082925 0.091503 0.059641
4 0.487745 0.080474 0.080065 0.098856
4 0.503676 0.206291 0.107026 0.113562
4 0.626225 0.251634 0.121732 0.112745
4 0.851307 0.174428 0.130719 0.125000
4 0.709967 0.111928 0.111111 0.109477
4 0.605392 0.051879 0.076797 0.102124
4 0.840278 0.025735 0.149510 0.049837
4 0.865196 0.437908 0.140523 0.143791
4 0.707925 0.360703 0.118464 0.115196
4 0.721405 0.600490 0.119281 0.127451
4 0.903186 0.740605 0.125000 0.147876
4 0.756536 0.875408 0.124183 0.167484
4 0.621732 0.706699 0.114379 0.133987
4 0.484886 0.843546 0.136438 0.131536
4 0.440359 0.701797 0.129085 0.125817
4 0.455882 0.549837 0.120915 0.060458
4 0.375000 0.479984 0.086601 0.082516
4 0.299837 0.428922 0.068627 0.119281
4 0.299428 0.565359 0.115196 0.107843
4 0.285539 0.712827 0.133170 0.080882
4 0.350899 0.829248 0.095588 0.140523
4 0.211601 0.826797 0.101307 0.125817
4 0.104575 0.818627 0.081699 0.138889
4 0.161356 0.685866 0.105392 0.107026
4 0.132353 0.568219 0.068627 0.092320
4 0.194444 0.500000 0.071895 0.076797
4 0.133987 0.441993 0.068627 0.076797
4 0.203840 0.372958 0.056373 0.090686
4 0.151144 0.317810 0.068627 0.071895
4 0.208742 0.246324 0.067810 0.080882
4 0.314951 0.262255 0.082516 0.083333
4 0.386438 0.321895 0.068627 0.102941
4 0.497958 0.413399 0.116830 0.098039
4 0.625817 0.468954 0.124183 0.116013
