4 0.920343 0.439134 0.102124 0.054739
4 0.904412 0.505719 0.111111 0.044118
4 0.860294 0.618056 0.112745 0.079248
4 0.828840 0.787582 0.131536 0.102941
4 0.645833 0.824755 0.136438 0.120098
4 0.573529 0.658497 0.119281 0.080065
4 0.706699 0.645425 0.117647 0.078431
4 0.647059 0.546160 0.102941 0.067810
4 0.756536 0.533088 0.106209 0.059641
4 0.812500 0.441993 0.085784 0.042484
4 0.767565 0.377042 0.093954 0.038399
4 0.723856 0.453431 0.094771 0.057190
4 0.591503 0.479984 0.106209 0.054739
4 0.466912 0.467320 0.095588 0.050654
4 0.474673 0.529412 0.117647 0.047386
4 0.437092 0.593137 0.138889 0.068627
4 0.364379 0.706699 0.133987 0.106209
4 0.641340 0.407680 0.084967 0.055556
4 0.665441 0.357026 0.072712 0.042484
4 0.601716 0.328023 0.066176 0.038399
4 0.569853 0.366013 0.080882 0.037582
4 0.520425 0.412173 0.083333 0.036765
4 0.415033 0.421160 0.094771 0.043301
4 0.477941 0.370915 0.088235 0.039216
4 0.524918 0.323529 0.062908 0.029412
4 0.467729 0.297386 0.066176 0.024510
4 0.412990 0.330474 0.087418 0.028595
4 0.382353 0.288399 0.084967 0.039216
4 0.319444 0.329248 0.083333 0.039216
4 0.345180 0.371732 0.075980 0.040850
4 0.322712 0.489788 0.129085 0.059641
4 0.268382 0.553922 0.120098 0.081699
4 0.229167 0.651552 0.125000 0.092320
4 0.099673 0.594771 0.104575 0.081699
4 0.158905 0.489379 0.111928 0.065359
4 0.173611 0.419526 0.082516 0.058007
4 0.285131 0.419935 0.101307 0.049020
4 0.252042 0.370098 0.084150 0.040850
4 0.024510 0.544935 0.047386 0.078431
