4 0.452614 0.181781 0.081699 0.082516
4 0.532680 0.207108 0.065359 0.074346
4 0.588235 0.265931 0.050654 0.069444
4 0.640931 0.274101 0.048203 0.062908
4 0.690359 0.323121 0.045752 0.069444
4 0.749183 0.357026 0.053922 0.062092
4 0.823529 0.444036 0.044118 0.056373
4 0.805147 0.526552 0.046569 0.051471
4 0.770833 0.454657 0.048203 0.062908
4 0.672794 0.419935 0.053105 0.073529
4 0.716503 0.479167 0.060458 0.059641
4 0.731209 0.575980 0.057190 0.065359
4 0.774101 0.643382 0.043301 0.066176
4 0.740605 0.776961 0.051471 0.068627
4 0.700572 0.689134 0.054739 0.062908
4 0.676471 0.816993 0.055556 0.084967
4 0.645016 0.721405 0.049837 0.080065
4 0.560866 0.677696 0.079248 0.079248
4 0.584967 0.603758 0.078431 0.055556
4 0.642974 0.530229 0.075163 0.071895
4 0.595997 0.443627 0.059641 0.063725
4 0.554739 0.354575 0.066993 0.071895
4 0.624183 0.348448 0.060458 0.067810
4 0.483252 0.288399 0.075980 0.065359
4 0.411356 0.287582 0.080882 0.076797
4 0.451797 0.384804 0.071895 0.062092
4 0.519608 0.459967 0.084967 0.080065
4 0.375408 0.386438 0.077614 0.076797
4 0.413399 0.472222 0.075163 0.050654
4 0.335784 0.488562 0.084967 0.078431
4 0.565768 0.526144 0.067810 0.063725
4 0.480801 0.564134 0.092320 0.093954
4 0.467320 0.662173 0.089869 0.075980
4 0.558007 0.774918 0.075163 0.080882
4 0.466095 0.753268 0.082516 0.084967
4 0.373775 0.726716 0.087418 0.090686
4 0.357843 0.605801 0.106209 0.089052
4 0.256536 0.690359 0.109477 0.106209
