4 0.170343 0.302696 0.108660 0.075980
4 0.120507 0.410948 0.123366 0.078431
4 0.033905 0.314134 0.066176 0.071078
4 0.062500 0.551062 0.123366 0.093954
4 0.173203 0.725899 0.151961 0.116830
4 0.302696 0.886846 0.188725 0.149510
4 0.384395 0.727124 0.144608 0.114379
4 0.614379 0.731618 0.161765 0.123366
4 0.578840 0.571078 0.147876 0.129085
4 0.421569 0.552288 0.168301 0.091503
4 0.453840 0.436275 0.134804 0.086601
4 0.275735 0.410539 0.128268 0.074346
4 0.343137 0.270425 0.116013 0.058824
4 0.198529 0.224265 0.101307 0.069444
4 0.319444 0.180556 0.111111 0.063725
4 0.468954 0.210784 0.112745 0.065359
4 0.433007 0.125000 0.094771 0.050654
4 0.599673 0.170343 0.089869 0.071078
4 0.531863 0.255719 0.130719 0.066993
4 0.535539 0.348039 0.118464 0.071895
4 0.627859 0.426062 0.115196 0.082516
4 0.543709 0.100490 0.108660 0.057190
4 0.751634 0.181373 0.116013 0.045752
4 0.723856 0.250000 0.106209 0.050654
4 0.860703 0.236520 0.111928 0.058007
4 0.962418 0.309641 0.075163 0.066993
4 0.946487 0.407680 0.107026 0.073529
4 0.805147 0.418709 0.134804 0.084150
4 0.667484 0.330474 0.137255 0.075980
4 0.735703 0.629902 0.077614 0.114379
4 0.763072 0.525735 0.122549 0.087418
4 0.940768 0.514706 0.115196 0.065359
4 0.872958 0.596814 0.064542 0.097222
