6 0.109886 0.788807 0.185458 0.131536
6 0.363562 0.752042 0.137255 0.123366
6 0.559641 0.760212 0.147059 0.123366
6 0.812092 0.756127 0.127451 0.113562
6 0.741422 0.591503 0.123366 0.101307
6 0.539624 0.590278 0.121732 0.092320
6 0.345997 0.579248 0.107026 0.076797
6 0.160131 0.560458 0.135621 0.093137
6 0.188725 0.427696 0.117647 0.072712
6 0.355801 0.458333 0.085784 0.052288
6 0.497141 0.471405 0.115196 0.068627
6 0.712418 0.502042 0.112745 0.067810
6 0.731618 0.411356 0.080882 0.058007
6 0.519199 0.374592 0.082516 0.044935
6 0.371324 0.363971 0.100490 0.054739
6 0.208742 0.348448 0.092320 0.051471
