6 0.317402 0.888072 0.185458 0.181373
6 0.551062 0.747958 0.185458 0.164216
6 0.741830 0.660539 0.155229 0.141340
6 0.945670 0.631127 0.108660 0.121732
6 0.797794 0.374592 0.128268 0.092320
6 0.589869 0.414624 0.151961 0.116830
6 0.424428 0.520016 0.169118 0.123366
6 0.180147 0.606618 0.175654 0.136438
6 0.118464 0.435866 0.142157 0.110294
6 0.040850 0.282271 0.080065 0.113562
6 0.339461 0.347631 0.125000 0.092320
6 0.272467 0.210784 0.126634 0.093137
6 0.459967 0.152778 0.111111 0.080065
6 0.586193 0.116830 0.105392 0.078431
6 0.514297 0.287990 0.103758 0.071078
6 0.694444 0.242239 0.112745 0.084150
