5 0.146242 0.723039 0.147059 0.119281
5 0.344363 0.712827 0.136438 0.111928
5 0.500000 0.701797 0.135621 0.106209
5 0.645425 0.687908 0.148693 0.094771
5 0.789624 0.645016 0.139706 0.077614
5 0.929330 0.639297 0.141340 0.085784
5 0.861111 0.549837 0.117647 0.057190
5 0.646650 0.566585 0.103758 0.062908
5 0.512255 0.576797 0.127451 0.075163
5 0.344771 0.585784 0.116013 0.076797
5 0.159722 0.593137 0.118464 0.073529
5 0.165033 0.511846 0.107843 0.058007
5 0.319036 0.457108 0.105392 0.046569
5 0.171569 0.446078 0.101307 0.047386
5 0.180964 0.379902 0.092320 0.037582
5 0.319444 0.394199 0.098039 0.041667
5 0.451797 0.388480 0.098039 0.041667
5 0.464869 0.455882 0.119281 0.049020
5 0.577614 0.382353 0.101307 0.044118
5 0.608660 0.438317 0.109477 0.046569
5 0.679739 0.488971 0.109477 0.046569
5 0.790850 0.479167 0.114379 0.041667
5 0.745098 0.423611 0.102941 0.038399
5 0.704248 0.374592 0.102941 0.038399
