4 0.459967 0.827206 0.204248 0.139706
4 0.850082 0.829657 0.191993 0.139706
4 0.933824 0.668301 0.132353 0.102941
4 0.839869 0.448529 0.174837 0.106209
4 0.590278 0.652778 0.164216 0.129085
4 0.437908 0.588644 0.150327 0.115196
4 0.260212 0.672794 0.160948 0.118464
4 0.062908 0.851307 0.122549 0.133987
4 0.150327 0.578431 0.148693 0.127451
4 0.181373 0.430556 0.145425 0.114379
4 0.543301 0.478350 0.135621 0.111928
4 0.670752 0.349673 0.101307 0.083333
4 0.881127 0.346814 0.107026 0.080882
4 0.971814 0.338235 0.056373 0.055556
4 0.378268 0.302288 0.127451 0.094771
4 0.180556 0.306373 0.111111 0.088235
4 0.062092 0.352533 0.119281 0.092320
4 0.696078 0.151144 0.112745 0.060458
4 0.873775 0.149101 0.116830 0.058007
4 0.934232 0.214461 0.121732 0.069444
4 0.919526 0.283905 0.108660 0.036765
4 0.792892 0.193627 0.111928 0.057190
4 0.757761 0.291667 0.100490 0.057190
4 0.468546 0.365605 0.128268 0.071078
4 0.544526 0.278186 0.139706 0.082516
4 0.627451 0.194444 0.098039 0.049020
4 0.543301 0.145425 0.102941 0.055556
4 0.469363 0.193219 0.108660 0.056373
4 0.406454 0.146242 0.095588 0.062092
4 0.265114 0.193627 0.092320 0.073529
4 0.117239 0.176471 0.126634 0.068627
4 0.077614 0.250000 0.140523 0.052288
