7 0.167892 0.169935 0.059641 0.032680
7 0.163399 0.225490 0.062092 0.035948
7 0.154003 0.276144 0.048203 0.035948
7 0.149510 0.337418 0.063725 0.049020
7 0.494690 0.325163 0.059641 0.035948
7 0.489379 0.270425 0.071895 0.049020
7 0.482435 0.216503 0.069444 0.035948
7 0.477124 0.162173 0.062092 0.040033
7 0.555147 0.157680 0.058007 0.049020
7 0.565768 0.213235 0.064542 0.039216
7 0.570670 0.267157 0.059641 0.042484
7 0.577206 0.319853 0.062908 0.038399
7 0.628268 0.156454 0.055556 0.040033
7 0.651961 0.207925 0.052288 0.038399
7 0.659314 0.261846 0.058824 0.031863
7 0.647876 0.308824 0.065359 0.039216
7 0.701389 0.155637 0.058007 0.036765
7 0.714869 0.205882 0.050654 0.040850
7 0.720588 0.253676 0.049020 0.035131
7 0.727533 0.305556 0.059641 0.047386
7 0.765931 0.150735 0.061275 0.053105
7 0.774510 0.202206 0.058824 0.040033
7 0.780637 0.245507 0.053105 0.033497
7 0.796160 0.291258 0.061275 0.043301
7 0.230801 0.410131 0.062908 0.049020
7 0.339869 0.408905 0.065359 0.044935
7 0.448529 0.473448 0.073529 0.043301
7 0.328840 0.564951 0.090686 0.069444
7 0.450980 0.551471 0.091503 0.068627
7 0.457516 0.627042 0.080065 0.051471
7 0.546160 0.546160 0.077614 0.058007
7 0.543301 0.612337 0.066993 0.051471
7 0.544935 0.465278 0.060458 0.056373
7 0.641340 0.467320 0.073529 0.050654
7 0.638889 0.538807 0.073529 0.051471
7 0.645425 0.607843 0.084967 0.062092
7 0.747549 0.611111 0.076797 0.073529
7 0.828840 0.619281 0.064542 0.066993
7 0.834559 0.531863 0.059641 0.047386
7 0.734477 0.528595 0.099673 0.057190
7 0.736111 0.458333 0.078431 0.062092
7 0.822712 0.457925 0.068627 0.053105
8 0.225490 0.486111 0.075163 0.070261
8 0.339052 0.484886 0.080065 0.053105
8 0.456291 0.408905 0.075980 0.064542
8 0.547794 0.397467 0.059641 0.061275
8 0.641748 0.398693 0.064542 0.060458
8 0.732435 0.397467 0.051471 0.041667
8 0.806781 0.396650 0.062908 0.051471
8 0.203840 0.593546 0.090686 0.069444
8 0.208742 0.677696 0.084150 0.053105
8 0.305964 0.661765 0.069444 0.071895
8 0.191993 0.779003 0.078431 0.072712
8 0.301062 0.765523 0.079248 0.066993
8 0.170752 0.908497 0.075163 0.096405
8 0.307190 0.890114 0.124183 0.108660
8 0.444853 0.709559 0.069444 0.092320
8 0.544118 0.704657 0.075163 0.074346
8 0.649101 0.702614 0.069444 0.075163
8 0.750408 0.705882 0.074346 0.070261
8 0.838235 0.697712 0.071895 0.070261
8 0.447304 0.796569 0.074346 0.065359
8 0.553922 0.794526 0.104575 0.079248
8 0.656046 0.792892 0.081699 0.077614
8 0.755719 0.787990 0.083333 0.066176
8 0.843546 0.782680 0.067810 0.075163
8 0.457516 0.890114 0.102941 0.090686
8 0.559641 0.890523 0.075163 0.091503
8 0.657680 0.900327 0.080065 0.081699
8 0.772467 0.895425 0.067810 0.065359
8 0.852124 0.885212 0.088235 0.100490
8 0.931373 0.893382 0.060458 0.072712
8 0.236520 0.171160 0.048203 0.035131
8 0.314951 0.167892 0.062908 0.044935
8 0.397059 0.161356 0.055556 0.040033
8 0.392974 0.218137 0.071895 0.042484
8 0.395016 0.277369 0.075980 0.044935
8 0.415850 0.336193 0.062092 0.036765
8 0.325572 0.334150 0.056373 0.039216
8 0.315768 0.278595 0.061275 0.047386
8 0.315359 0.225082 0.060458 0.041667
8 0.238154 0.223448 0.061275 0.040033
8 0.230392 0.276144 0.071895 0.044118
8 0.235703 0.344363 0.064542 0.048203
