5 0.261438 0.603758 0.145425 0.165033
5 0.232843 0.833742 0.125817 0.196895
5 0.405229 0.856209 0.142157 0.184641
5 0.592729 0.861928 0.146242 0.179739
5 0.482026 0.617647 0.138889 0.156863
5 0.060049 0.581291 0.118464 0.141340
5 0.056781 0.828431 0.111928 0.184641
5 0.067810 0.412173 0.130719 0.129902
5 0.089461 0.265523 0.149510 0.109477
5 0.127859 0.102941 0.138072 0.096405
5 0.308007 0.165033 0.140523 0.106209
5 0.282271 0.316585 0.141340 0.118464
5 0.483252 0.331699 0.136438 0.122549
5 0.488562 0.158088 0.109477 0.116830
5 0.663807 0.178105 0.129902 0.107843
5 0.866830 0.178105 0.130719 0.109477
5 0.876225 0.319036 0.120098 0.098856
5 0.889297 0.451797 0.125000 0.112745
5 0.912582 0.624183 0.138889 0.124183
5 0.927288 0.821078 0.145425 0.179739
5 0.777369 0.802288 0.108660 0.160131
5 0.660131 0.617647 0.102941 0.133987
5 0.729167 0.461601 0.141340 0.106209
5 0.667075 0.326797 0.138072 0.117647
