6 0.731209 0.412173 0.086601 0.059641
6 0.712418 0.501634 0.112745 0.070261
6 0.743464 0.594771 0.117647 0.102941
6 0.813317 0.755719 0.129902 0.114379
6 0.562092 0.761846 0.138889 0.128268
6 0.541667 0.592320 0.117647 0.093137
6 0.498775 0.471405 0.111928 0.070261
6 0.521242 0.375000 0.081699 0.047386
6 0.375000 0.364379 0.102941 0.058824
6 0.208742 0.351716 0.098856 0.059641
6 0.189134 0.428513 0.115196 0.071078
6 0.358660 0.459559 0.081699 0.056373
6 0.164624 0.562908 0.136438 0.096405
6 0.347222 0.579248 0.107843 0.078431
6 0.365196 0.753676 0.140523 0.116830
6 0.109886 0.791667 0.190359 0.143791
