6 0.062092 0.252451 0.112745 0.066993
6 0.173203 0.236111 0.089869 0.060458
6 0.266340 0.226307 0.080065 0.055556
6 0.389297 0.209150 0.090686 0.060458
6 0.517565 0.204248 0.092320 0.060458
6 0.654003 0.193627 0.095588 0.066993
6 0.700163 0.272059 0.098039 0.062092
6 0.560866 0.287173 0.108660 0.066176
6 0.410539 0.303105 0.097222 0.075163
6 0.247958 0.323121 0.156046 0.102124
6 0.072712 0.344363 0.138889 0.087418
6 0.065359 0.470180 0.129085 0.098856
6 0.247141 0.455882 0.134804 0.098039
6 0.425245 0.397059 0.136438 0.078431
6 0.598448 0.366830 0.110294 0.070261
6 0.746732 0.354167 0.104575 0.067810
6 0.780229 0.499183 0.119281 0.099673
6 0.911356 0.634395 0.159314 0.121732
6 0.629493 0.516748 0.118464 0.089052
6 0.713235 0.664624 0.140523 0.125000
6 0.501634 0.685866 0.145425 0.125000
6 0.457108 0.506944 0.133170 0.097222
6 0.319853 0.573938 0.115196 0.123366
6 0.288399 0.716095 0.153595 0.147876
6 0.143791 0.596814 0.161765 0.121732
6 0.051471 0.745098 0.101307 0.143791
