4 0.668709 0.889706 0.129902 0.165033
4 0.842320 0.835784 0.122549 0.122549
4 0.822712 0.647876 0.096405 0.068627
4 0.698121 0.678922 0.095588 0.070261
4 0.588644 0.686275 0.102124 0.078431
4 0.464461 0.620507 0.103758 0.074346
4 0.385621 0.740196 0.125817 0.116013
4 0.093546 0.573938 0.128268 0.061275
4 0.183415 0.621732 0.120098 0.071895
4 0.277778 0.676062 0.116013 0.097222
4 0.330882 0.586193 0.098039 0.061275
4 0.259804 0.531454 0.093137 0.048203
4 0.267565 0.478350 0.072712 0.035131
4 0.375408 0.531863 0.087418 0.050654
4 0.637663 0.581291 0.084150 0.054739
4 0.720588 0.571895 0.071895 0.045752
4 0.824346 0.547386 0.075163 0.035948
4 0.817402 0.497958 0.072712 0.035131
4 0.742239 0.497958 0.059641 0.030229
4 0.677288 0.502859 0.070261 0.035131
4 0.702206 0.454657 0.062908 0.025327
4 0.617647 0.475082 0.065359 0.031863
4 0.627042 0.437908 0.051471 0.019608
4 0.492647 0.514706 0.068627 0.035948
4 0.490605 0.560866 0.084150 0.046569
4 0.585376 0.527369 0.084150 0.046569
4 0.529003 0.478758 0.056373 0.026144
4 0.446078 0.479984 0.076797 0.033497
4 0.350899 0.479984 0.059641 0.028595
4 0.332108 0.445261 0.061275 0.022876
4 0.403595 0.448121 0.050654 0.018791
4 0.381944 0.419526 0.056373 0.020425
4 0.446487 0.421569 0.049837 0.017974
4 0.429330 0.394608 0.049837 0.014706
4 0.490196 0.401961 0.044118 0.014706
4 0.529412 0.416667 0.042484 0.014706
4 0.493056 0.441585 0.062908 0.022059
4 0.563317 0.444444 0.054739 0.021242
4 0.584150 0.421569 0.050654 0.017974
