8 0.185049 0.158088 0.087418 0.059641
8 0.033088 0.208333 0.064542 0.078431
8 0.361111 0.120507 0.068627 0.071078
8 0.479167 0.081699 0.066176 0.068627
8 0.465278 0.259395 0.079248 0.077614
8 0.567810 0.216503 0.073529 0.073529
8 0.549428 0.381536 0.062908 0.071895
8 0.646242 0.340686 0.055556 0.052288
8 0.756127 0.367647 0.051471 0.055556
8 0.802696 0.319853 0.046569 0.044935
8 0.861520 0.300245 0.040033 0.048203
8 0.673611 0.596814 0.054739 0.062908
8 0.755310 0.516748 0.059641 0.061275
8 0.828840 0.465686 0.054739 0.062092
8 0.746732 0.666667 0.068627 0.078431
8 0.825163 0.595997 0.044118 0.062908
8 0.886846 0.547794 0.044935 0.054739
8 0.966912 0.631536 0.051471 0.080065
8 0.909314 0.691176 0.058824 0.068627
8 0.834967 0.777369 0.070261 0.079248
7 0.304739 0.309641 0.075163 0.058824
7 0.141340 0.372958 0.109477 0.090686
7 0.395425 0.452614 0.088235 0.070261
7 0.250000 0.535131 0.084967 0.084967
7 0.066176 0.629902 0.125817 0.111111
7 0.591095 0.661765 0.071078 0.073529
7 0.656454 0.782271 0.069444 0.111928
7 0.731209 0.912173 0.080065 0.100490
7 0.508987 0.770425 0.084967 0.091503
7 0.569036 0.906863 0.084150 0.104575
7 0.431373 0.899510 0.071895 0.098039
7 0.713644 0.279412 0.053105 0.044118
7 0.787582 0.241422 0.042484 0.044935
7 0.645016 0.183007 0.064542 0.050654
7 0.716503 0.151144 0.053922 0.044118
7 0.547386 0.058007 0.066993 0.052288
7 0.628268 0.031454 0.057190 0.044935
