4 0.795752 0.269199 0.122549 0.092320
4 0.840278 0.388480 0.131536 0.100490
4 0.808824 0.498775 0.107843 0.064542
4 0.872549 0.589461 0.114379 0.067810
4 0.856209 0.708333 0.140523 0.114379
4 0.884395 0.878268 0.144608 0.133987
4 0.767157 0.959559 0.122549 0.080882
4 0.709967 0.732843 0.153595 0.137255
4 0.618464 0.879902 0.135621 0.151961
4 0.488971 0.949755 0.133170 0.100490
4 0.213644 0.954248 0.129902 0.091503
4 0.113562 0.869690 0.160131 0.128268
4 0.350490 0.882761 0.153595 0.133170
4 0.461601 0.740196 0.119281 0.150327
4 0.303922 0.669118 0.107843 0.122549
4 0.396650 0.580474 0.120098 0.111928
4 0.584967 0.586601 0.102941 0.112745
4 0.647876 0.483660 0.135621 0.083333
4 0.752451 0.588235 0.098039 0.106209
4 0.470997 0.477124 0.133170 0.099673
4 0.308415 0.476307 0.120098 0.142157
4 0.138889 0.662582 0.138889 0.147059
4 0.022876 0.715278 0.044118 0.061275
4 0.033088 0.541667 0.064542 0.080065
4 0.120507 0.476307 0.120098 0.151961
4 0.195670 0.313317 0.113562 0.129902
4 0.320670 0.247549 0.115196 0.083333
4 0.052288 0.266748 0.102941 0.105392
4 0.037990 0.382353 0.074346 0.065359
4 0.408497 0.324346 0.104575 0.084967
4 0.472631 0.248366 0.111928 0.083333
4 0.555147 0.343546 0.110294 0.093954
4 0.700572 0.351307 0.087418 0.102941
4 0.621324 0.250817 0.121732 0.089869
