6 0.583333 0.802288 0.143791 0.151961
6 0.641748 0.609477 0.108660 0.098039
6 0.707925 0.493056 0.100490 0.085784
6 0.769608 0.362337 0.088235 0.069444
6 0.627042 0.333742 0.089052 0.059641
6 0.555147 0.437908 0.095588 0.081699
6 0.468954 0.554330 0.084967 0.080882
6 0.358252 0.683824 0.129902 0.107843
6 0.212010 0.604575 0.108660 0.083333
6 0.338644 0.498775 0.079248 0.062908
6 0.417484 0.412173 0.101307 0.079248
6 0.525735 0.300654 0.077614 0.053922
6 0.441585 0.249183 0.069444 0.042484
6 0.316176 0.350899 0.083333 0.054739
6 0.233252 0.439134 0.085784 0.079248
6 0.123775 0.558007 0.080882 0.068627
