7 0.722631 0.857435 0.087418 0.107026
7 0.539216 0.874183 0.081699 0.106209
7 0.512255 0.705065 0.081699 0.073529
7 0.670343 0.690768 0.064542 0.069444
7 0.486111 0.563725 0.063725 0.058824
7 0.629902 0.560049 0.065359 0.066176
8 0.466912 0.426471 0.075980 0.053922
8 0.330065 0.735294 0.075163 0.083333
8 0.352124 0.921569 0.098039 0.088235
8 0.068627 0.953431 0.130719 0.086601
8 0.070261 0.779003 0.091503 0.082516
8 0.102533 0.619281 0.082516 0.076797
8 0.318219 0.591095 0.074346 0.069444
8 0.313725 0.433007 0.080065 0.050654
8 0.112337 0.453431 0.075980 0.060458
8 0.119281 0.347222 0.075163 0.040850
8 0.299020 0.332925 0.076797 0.043301
8 0.450163 0.327614 0.078431 0.047386
8 0.580065 0.326797 0.055556 0.045752
8 0.587010 0.153186 0.051471 0.023693
8 0.592729 0.205065 0.053105 0.027778
8 0.627042 0.261438 0.053105 0.037582
8 0.725490 0.261029 0.060458 0.046569
8 0.803513 0.252859 0.051471 0.028595
8 0.886846 0.238971 0.067810 0.025327
8 0.923203 0.305147 0.063725 0.041667
8 0.833333 0.314542 0.050654 0.035948
8 0.751634 0.333333 0.058824 0.035948
8 0.801471 0.422386 0.053922 0.050654
8 0.875817 0.400327 0.065359 0.062092
8 0.973448 0.390114 0.053105 0.064542
8 0.597222 0.415850 0.075163 0.037582
7 0.143382 0.202614 0.058007 0.037582
7 0.126634 0.275327 0.047386 0.035948
7 0.287990 0.266748 0.053105 0.041667
7 0.283497 0.193627 0.047386 0.035948
7 0.415850 0.186683 0.045752 0.036765
7 0.434232 0.254493 0.049837 0.038399
7 0.521242 0.180147 0.037582 0.026961
7 0.543301 0.251225 0.047386 0.035131
7 0.676879 0.149101 0.043301 0.030229
7 0.744281 0.145425 0.044118 0.026144
7 0.813317 0.140523 0.035131 0.021242
7 0.704248 0.200572 0.045752 0.026961
7 0.770016 0.195670 0.046569 0.030229
7 0.848856 0.189542 0.040850 0.031046
7 0.843137 0.500408 0.070261 0.053105
7 0.948121 0.503268 0.087418 0.057190
7 0.913399 0.599673 0.073529 0.063725
7 0.979984 0.692402 0.040033 0.046569
