4 0.456291 0.142565 0.077614 0.059641
4 0.546569 0.168301 0.071895 0.047386
4 0.593137 0.226716 0.066993 0.051471
4 0.669526 0.230392 0.064542 0.045752
4 0.718954 0.290033 0.080065 0.060458
4 0.814951 0.341503 0.089052 0.076797
4 0.834150 0.457516 0.089869 0.062092
4 0.947304 0.459967 0.105392 0.083333
4 0.880719 0.569036 0.099673 0.082516
4 0.787582 0.714461 0.101307 0.089052
4 0.736111 0.590686 0.089869 0.091503
4 0.725082 0.468137 0.103758 0.070261
4 0.687500 0.379902 0.095588 0.058824
4 0.630310 0.300654 0.085784 0.057190
4 0.524918 0.302288 0.082516 0.075163
4 0.471405 0.224673 0.083333 0.053922
4 0.381536 0.223039 0.094771 0.066993
4 0.405637 0.295343 0.080882 0.051471
4 0.440359 0.378676 0.109477 0.084150
4 0.559641 0.386438 0.083333 0.063725
4 0.604167 0.488562 0.103758 0.080065
4 0.616013 0.593954 0.101307 0.083333
4 0.629493 0.729575 0.103758 0.080065
4 0.671977 0.888072 0.110294 0.096405
4 0.537173 0.897059 0.116830 0.102941
4 0.508578 0.725899 0.089052 0.105392
4 0.422386 0.621324 0.111111 0.090686
4 0.354575 0.755719 0.098039 0.089869
4 0.482435 0.554330 0.103758 0.087418
4 0.490196 0.461601 0.096405 0.073529
4 0.360703 0.483660 0.097222 0.089869
4 0.311683 0.563725 0.107026 0.080065
4 0.263072 0.672386 0.107843 0.098039
4 0.183415 0.599265 0.071078 0.100490
4 0.099673 0.533497 0.102941 0.094771
4 0.229984 0.458742 0.103758 0.082516
4 0.235703 0.357435 0.075980 0.072712
4 0.327206 0.368056 0.082516 0.072712
4 0.307598 0.291667 0.079248 0.073529
