4 0.342320 0.665441 0.119281 0.098856
4 0.509804 0.703431 0.111111 0.093137
4 0.690359 0.580882 0.107843 0.086601
4 0.834150 0.494690 0.106209 0.062908
4 0.921569 0.437908 0.102941 0.063725
4 0.802696 0.409314 0.087418 0.050654
4 0.787173 0.339461 0.090686 0.046569
4 0.708333 0.293301 0.071895 0.035948
4 0.683824 0.251225 0.063725 0.031863
4 0.624592 0.281454 0.051471 0.033497
4 0.546977 0.312908 0.067810 0.035948
4 0.540033 0.378268 0.098039 0.050654
4 0.515931 0.462010 0.092320 0.072712
4 0.515931 0.553922 0.097222 0.076797
4 0.361111 0.532271 0.091503 0.075980
4 0.207108 0.520016 0.121732 0.072712
4 0.160948 0.443219 0.111111 0.062908
4 0.312908 0.424428 0.111111 0.061275
4 0.412582 0.404820 0.109477 0.056373
4 0.436683 0.343137 0.087418 0.040850
4 0.523693 0.262255 0.080065 0.037582
4 0.608252 0.236928 0.058007 0.027778
4 0.582925 0.198529 0.066176 0.027778
4 0.509395 0.178513 0.064542 0.028595
4 0.513072 0.217320 0.062092 0.031046
4 0.422386 0.204248 0.063725 0.032680
4 0.432190 0.242647 0.057190 0.031046
4 0.424020 0.296569 0.086601 0.045752
4 0.345588 0.267565 0.063725 0.036765
4 0.341503 0.227124 0.063725 0.034314
4 0.250817 0.253676 0.075163 0.043301
4 0.210784 0.298203 0.098039 0.049020
4 0.229984 0.363154 0.102124 0.053105
4 0.324755 0.342320 0.095588 0.050654
4 0.114379 0.377859 0.102941 0.056373
4 0.073529 0.316585 0.104575 0.044935
4 0.664216 0.477533 0.094771 0.061275
4 0.666258 0.394608 0.087418 0.057190
4 0.667892 0.340278 0.090686 0.046569
