6 0.521242 0.859477 0.060458 0.086601
6 0.602533 0.775327 0.056373 0.075163
6 0.674020 0.702206 0.058824 0.071078
6 0.732843 0.646242 0.040850 0.065359
6 0.771242 0.602941 0.040850 0.060458
6 0.815768 0.543709 0.059641 0.075980
6 0.767157 0.472222 0.055556 0.073529
6 0.696895 0.536765 0.084967 0.089869
6 0.625408 0.612745 0.049837 0.073529
6 0.542484 0.691585 0.063725 0.079248
6 0.461601 0.774918 0.071895 0.082516
6 0.404412 0.689542 0.070261 0.078431
6 0.492239 0.611520 0.066176 0.071078
6 0.574755 0.521650 0.062908 0.080882
6 0.642974 0.412582 0.066993 0.093137
6 0.716912 0.367239 0.062908 0.075980
6 0.642565 0.295343 0.072712 0.082516
6 0.565359 0.338235 0.071895 0.084967
6 0.526961 0.436683 0.070261 0.079248
6 0.430964 0.475490 0.072712 0.081699
6 0.342729 0.536356 0.084150 0.089052
6 0.233660 0.453840 0.102941 0.110294
6 0.345997 0.377859 0.085784 0.092320
6 0.446487 0.310049 0.079248 0.092320
6 0.537990 0.240605 0.077614 0.095588
6 0.637255 0.188317 0.057190 0.074346
