6 0.377451 0.749183 0.116013 0.112745
6 0.493873 0.698938 0.116830 0.113562
6 0.661765 0.631944 0.112745 0.095588
6 0.838235 0.553513 0.125817 0.090686
6 0.278186 0.607026 0.111928 0.098039
6 0.437500 0.567810 0.087418 0.065359
6 0.569444 0.518791 0.094771 0.065359
6 0.695670 0.454248 0.092320 0.060458
6 0.617239 0.378676 0.092320 0.051471
6 0.493056 0.419526 0.100490 0.053105
6 0.380719 0.479984 0.109477 0.074346
6 0.214461 0.506944 0.098856 0.062908
6 0.169935 0.374183 0.086601 0.044118
6 0.310866 0.362745 0.089052 0.050654
6 0.415033 0.338235 0.086601 0.047386
6 0.519199 0.299428 0.077614 0.040033
