6 0.816993 0.733252 0.071895 0.082516
6 0.745098 0.744690 0.057190 0.064542
6 0.680556 0.755310 0.057190 0.067810
6 0.589461 0.752859 0.066176 0.071078
6 0.486111 0.754902 0.066993 0.075163
6 0.407680 0.714052 0.075163 0.071895
6 0.470180 0.645833 0.059641 0.061275
6 0.573529 0.641340 0.053922 0.060458
6 0.672386 0.642157 0.094771 0.088235
6 0.778186 0.641340 0.074346 0.068627
6 0.745098 0.544935 0.062092 0.057190
6 0.656863 0.531046 0.071895 0.063725
6 0.565359 0.559232 0.070261 0.058007
6 0.456699 0.567402 0.063725 0.053105
6 0.394199 0.555147 0.053105 0.053105
6 0.387255 0.465686 0.047386 0.044118
6 0.354984 0.402778 0.064542 0.044118
6 0.444853 0.403595 0.056373 0.040850
6 0.464869 0.470180 0.055556 0.044935
6 0.549020 0.492647 0.058824 0.044118
6 0.533088 0.408497 0.056373 0.045752
6 0.618056 0.410539 0.059641 0.049837
6 0.613154 0.464461 0.058007 0.048203
6 0.688725 0.468954 0.063725 0.053922
6 0.712827 0.422386 0.051471 0.039216
