6 0.226307 0.753268 0.137255 0.137255
6 0.397467 0.734069 0.139706 0.141340
6 0.624183 0.699346 0.138889 0.147059
6 0.886846 0.674428 0.142974 0.157680
6 0.227533 0.538807 0.120098 0.116830
6 0.424020 0.533497 0.093137 0.084967
6 0.600082 0.519199 0.103758 0.093954
6 0.787990 0.484069 0.108660 0.098856
6 0.237337 0.380310 0.110294 0.082516
6 0.420343 0.397876 0.116830 0.104575
6 0.579657 0.357435 0.111928 0.090686
6 0.750408 0.347631 0.113562 0.092320
6 0.269608 0.194853 0.099673 0.064542
6 0.417075 0.221405 0.090686 0.078431
6 0.549837 0.218546 0.106209 0.074346
6 0.693627 0.198938 0.091503 0.072712
