7 0.746732 0.131127 0.057190 0.053105
7 0.651144 0.100082 0.047386 0.036765
7 0.627859 0.212418 0.056373 0.052288
7 0.720997 0.238562 0.049837 0.049020
7 0.698121 0.343137 0.048203 0.047386
7 0.599265 0.319036 0.051471 0.048203
7 0.288807 0.230801 0.049837 0.046569
7 0.193627 0.204248 0.050654 0.045752
7 0.102124 0.177288 0.047386 0.045752
7 0.065768 0.257353 0.056373 0.045752
7 0.160131 0.285948 0.044118 0.035948
7 0.252451 0.310866 0.047386 0.044935
7 0.576389 0.405229 0.053105 0.045752
7 0.678513 0.430147 0.038399 0.038399
7 0.150327 0.457925 0.055556 0.053105
7 0.239379 0.466503 0.053922 0.042484
7 0.069853 0.450572 0.048203 0.035131
7 0.015931 0.441585 0.028595 0.040033
7 0.040850 0.510212 0.050654 0.041667
7 0.113154 0.519199 0.056373 0.046569
7 0.205474 0.525735 0.066176 0.046569
7 0.072304 0.585784 0.062908 0.045752
7 0.167484 0.604575 0.065359 0.045752
7 0.592320 0.566176 0.047386 0.044118
7 0.682598 0.593546 0.046569 0.044935
7 0.580474 0.636029 0.048203 0.041667
7 0.671569 0.661765 0.045752 0.047386
7 0.564951 0.715686 0.051471 0.044118
7 0.653186 0.739788 0.036765 0.040033
8 0.350490 0.027369 0.055556 0.043301
8 0.475082 0.060458 0.051471 0.047386
8 0.571078 0.087827 0.052288 0.048203
8 0.130719 0.085784 0.050654 0.044118
8 0.225490 0.113562 0.044118 0.044118
8 0.313725 0.139297 0.055556 0.041667
8 0.439542 0.173611 0.040850 0.041667
8 0.546160 0.194853 0.044935 0.044935
8 0.410539 0.272467 0.056373 0.056373
8 0.511438 0.300654 0.057190 0.053922
8 0.381127 0.359069 0.035131 0.053105
8 0.474673 0.385212 0.044118 0.040033
8 0.534314 0.461193 0.047386 0.043301
8 0.620915 0.477124 0.040850 0.039216
8 0.703023 0.510621 0.043301 0.045752
8 0.315359 0.490605 0.047386 0.038399
8 0.318627 0.557598 0.058824 0.051471
8 0.293709 0.643382 0.062908 0.056373
8 0.417892 0.511846 0.046569 0.049837
8 0.514297 0.545343 0.058007 0.054739
8 0.416258 0.587418 0.053105 0.039216
8 0.493464 0.614379 0.037582 0.042484
8 0.395016 0.675245 0.056373 0.051471
8 0.486520 0.705882 0.043301 0.060458
