7 0.338235 0.162582 0.102941 0.088235
7 0.303105 0.294935 0.127451 0.080065
7 0.131944 0.146650 0.126634 0.087418
7 0.078023 0.294118 0.113562 0.080065
7 0.363154 0.651961 0.178922 0.135621
7 0.122958 0.690768 0.149510 0.126634
7 0.308415 0.852941 0.232843 0.171569
7 0.063317 0.888889 0.125000 0.142157
8 0.611928 0.164624 0.130719 0.085784
8 0.621324 0.330882 0.092320 0.098039
8 0.860703 0.351307 0.116830 0.106209
8 0.849673 0.178922 0.148693 0.102941
8 0.590686 0.655229 0.147059 0.111111
8 0.645833 0.841912 0.223039 0.134804
8 0.865196 0.649510 0.135621 0.135621
8 0.935049 0.849265 0.129902 0.142974
