6 0.105801 0.163399 0.167484 0.073529
6 0.268791 0.174428 0.138889 0.062908
6 0.407271 0.189134 0.129902 0.059641
6 0.582516 0.226716 0.142157 0.077614
6 0.778186 0.273284 0.157680 0.080882
6 0.963235 0.310049 0.073529 0.074346
6 0.933415 0.418301 0.133170 0.086601
6 0.900735 0.516748 0.185458 0.077614
6 0.726307 0.377042 0.161765 0.082516
6 0.495915 0.326389 0.168301 0.079248
6 0.652778 0.456699 0.161765 0.084967
6 0.712010 0.656454 0.185458 0.100490
6 0.692402 0.814951 0.236111 0.138072
6 0.500000 0.608252 0.212418 0.113562
6 0.403186 0.746732 0.227941 0.122549
6 0.137255 0.672386 0.218954 0.120915
6 0.295343 0.510212 0.172386 0.092320
6 0.377859 0.421160 0.182190 0.090686
6 0.249183 0.285539 0.202614 0.108660
6 0.100490 0.388072 0.194444 0.102941
6 0.070261 0.510212 0.138889 0.120098
6 0.054739 0.244281 0.107843 0.084967
