7 0.257353 0.360703 0.063725 0.041667
7 0.375000 0.368873 0.063725 0.033497
7 0.179739 0.301879 0.063725 0.040033
7 0.196895 0.250000 0.052288 0.027778
7 0.209150 0.205065 0.053922 0.027778
7 0.223448 0.165441 0.051471 0.023693
7 0.541258 0.307190 0.066176 0.034314
7 0.538399 0.266748 0.073529 0.035131
7 0.530229 0.217320 0.050654 0.034314
7 0.527778 0.178105 0.052288 0.032680
7 0.626634 0.309232 0.066993 0.036765
7 0.622141 0.263889 0.066176 0.037582
7 0.616830 0.218954 0.045752 0.027778
7 0.609069 0.176471 0.054739 0.029412
7 0.714461 0.262255 0.058007 0.027778
7 0.703431 0.300654 0.057190 0.035948
7 0.704657 0.218954 0.056373 0.035948
7 0.685049 0.180556 0.056373 0.029412
7 0.754493 0.181373 0.059641 0.031046
7 0.770833 0.224673 0.051471 0.031046
7 0.781863 0.261438 0.052288 0.026144
7 0.788399 0.304739 0.060458 0.032680
7 0.816585 0.183824 0.043301 0.034314
7 0.831699 0.222631 0.053922 0.031863
7 0.839869 0.258987 0.053922 0.029412
7 0.857026 0.298611 0.062092 0.031863
7 0.342320 0.511846 0.094771 0.061275
7 0.480392 0.505719 0.080065 0.058824
7 0.484477 0.576389 0.088235 0.044935
7 0.483252 0.430556 0.069444 0.047386
7 0.589052 0.437092 0.055556 0.037582
7 0.586193 0.505719 0.077614 0.047386
7 0.580065 0.569853 0.053922 0.046569
7 0.687092 0.436683 0.086601 0.049837
7 0.687908 0.502451 0.071895 0.055556
7 0.695670 0.570670 0.072712 0.051471
7 0.792075 0.437500 0.077614 0.054739
7 0.803105 0.511438 0.078431 0.045752
7 0.812500 0.581291 0.080882 0.054739
7 0.887663 0.436275 0.072712 0.042484
7 0.905229 0.511029 0.071895 0.049837
7 0.908905 0.597631 0.082516 0.075980
8 0.237337 0.427288 0.082516 0.065359
8 0.363562 0.434641 0.083333 0.066993
8 0.203431 0.529820 0.098039 0.080882
8 0.190768 0.610294 0.103758 0.053922
8 0.307598 0.595997 0.074346 0.080882
8 0.163399 0.708742 0.098039 0.072712
8 0.296160 0.715278 0.100490 0.095588
8 0.117239 0.852533 0.093954 0.121732
8 0.276144 0.850082 0.124183 0.123366
8 0.468137 0.669118 0.071895 0.083333
8 0.575572 0.665441 0.092320 0.075980
8 0.701389 0.664624 0.074346 0.075980
8 0.819853 0.675245 0.090686 0.067810
8 0.927288 0.678105 0.089869 0.066993
8 0.459150 0.752042 0.076797 0.072712
8 0.582108 0.756127 0.131536 0.098856
8 0.707516 0.761846 0.102941 0.102124
8 0.830065 0.768382 0.091503 0.084150
8 0.943219 0.765931 0.085784 0.079248
8 0.461601 0.859069 0.119281 0.116830
8 0.586193 0.871732 0.089052 0.102941
8 0.706291 0.880310 0.093954 0.084150
8 0.850899 0.892974 0.085784 0.084967
8 0.947712 0.886438 0.086601 0.116013
8 0.500000 0.372958 0.068627 0.048203
8 0.593954 0.372141 0.062092 0.053105
8 0.696487 0.377042 0.056373 0.041667
8 0.790441 0.382761 0.062908 0.038399
8 0.876634 0.383987 0.052288 0.040850
8 0.456291 0.309232 0.059641 0.036765
8 0.368464 0.306373 0.075163 0.037582
8 0.272467 0.305147 0.080882 0.044935
8 0.280229 0.249183 0.065359 0.035948
8 0.287173 0.205065 0.054739 0.039216
8 0.294526 0.166258 0.053105 0.031863
8 0.364379 0.169118 0.060458 0.044118
8 0.447712 0.170752 0.070261 0.040850
8 0.365605 0.219771 0.066176 0.037582
8 0.443627 0.218546 0.063725 0.036765
8 0.356618 0.262255 0.074346 0.024510
8 0.445261 0.265114 0.075163 0.033497
