6 0.163399 0.881536 0.225490 0.212418
6 0.482435 0.757353 0.209967 0.187908
6 0.715278 0.687908 0.183824 0.168301
6 0.959559 0.696078 0.080882 0.158497
6 0.863562 0.380719 0.150327 0.106209
6 0.606618 0.397059 0.180556 0.122549
6 0.386846 0.488154 0.193627 0.138072
6 0.096814 0.557598 0.191993 0.152778
6 0.075980 0.374592 0.150327 0.115196
6 0.329248 0.301062 0.138889 0.080882
6 0.548203 0.263480 0.117647 0.071078
6 0.767157 0.232435 0.135621 0.095588
6 0.674020 0.101307 0.120915 0.084967
6 0.519608 0.127451 0.130719 0.086601
6 0.297386 0.164624 0.138889 0.103758
6 0.040441 0.219363 0.079248 0.108660
