6 0.040850 0.377042 0.080065 0.071078
6 0.167075 0.465278 0.133170 0.111928
6 0.320261 0.533088 0.153595 0.103758
6 0.496732 0.628676 0.153595 0.121732
6 0.720588 0.731618 0.189542 0.169118
6 0.742647 0.547386 0.147059 0.111111
6 0.581291 0.480392 0.136438 0.093137
6 0.457925 0.386846 0.111928 0.080882
6 0.303922 0.377042 0.114379 0.079248
6 0.183007 0.333333 0.129085 0.081699
6 0.856618 0.415850 0.121732 0.076797
6 0.691993 0.363562 0.120915 0.076797
6 0.891748 0.338235 0.116830 0.073529
6 0.736111 0.289216 0.099673 0.065359
6 0.521650 0.312092 0.123366 0.062092
6 0.348856 0.287582 0.109477 0.076797
6 0.236928 0.246324 0.104575 0.066176
6 0.337418 0.176062 0.094771 0.053105
6 0.460784 0.212827 0.125817 0.077614
6 0.597631 0.246324 0.092320 0.053105
6 0.917484 0.258578 0.111111 0.061275
6 0.772467 0.218546 0.098856 0.054739
6 0.654820 0.177288 0.085784 0.047386
6 0.564134 0.155229 0.074346 0.040850
6 0.485703 0.138889 0.079248 0.040850
6 0.400327 0.128676 0.086601 0.046569
