4 0.475490 0.870507 0.176471 0.152778
4 0.786765 0.681781 0.161765 0.111928
4 0.501634 0.699755 0.140523 0.102124
4 0.270016 0.741830 0.159314 0.125817
4 0.073938 0.590686 0.146242 0.102941
4 0.284722 0.540850 0.126634 0.109477
4 0.493056 0.542484 0.141340 0.080065
4 0.875000 0.578431 0.125817 0.096405
4 0.657271 0.527778 0.138072 0.122549
4 0.465278 0.435458 0.146242 0.076797
4 0.296977 0.426471 0.128268 0.080065
4 0.105392 0.446078 0.137255 0.078431
4 0.140114 0.349673 0.103758 0.062092
4 0.299428 0.303105 0.118464 0.050654
4 0.386846 0.343137 0.115196 0.071895
4 0.517974 0.348448 0.129085 0.066176
4 0.647059 0.399101 0.116013 0.069444
4 0.819444 0.375000 0.150327 0.089869
4 0.825163 0.471405 0.133987 0.083333
4 0.953840 0.514297 0.092320 0.082516
4 0.959967 0.444444 0.080065 0.057190
4 0.937908 0.347631 0.112745 0.069444
4 0.946078 0.266748 0.107843 0.061275
4 0.792892 0.289624 0.103758 0.061275
4 0.662990 0.235703 0.098856 0.046569
4 0.658497 0.316993 0.122549 0.070261
4 0.500817 0.261438 0.132353 0.053922
4 0.398284 0.233660 0.108660 0.049020
4 0.250817 0.218954 0.120915 0.057190
4 0.135621 0.254085 0.099673 0.053922
4 0.346405 0.150735 0.101307 0.041667
4 0.439542 0.129493 0.089869 0.049837
4 0.526144 0.185458 0.076797 0.062092
4 0.676879 0.177288 0.103758 0.037582
4 0.803513 0.216912 0.107026 0.051471
