6 0.355801 0.923611 0.141340 0.138072
6 0.551062 0.823938 0.125000 0.115196
6 0.719771 0.741830 0.133987 0.081699
6 0.869281 0.679330 0.116013 0.097222
6 0.950572 0.616422 0.098856 0.092320
6 0.256944 0.776144 0.128268 0.116013
6 0.433415 0.687092 0.126634 0.106209
6 0.602533 0.615605 0.111928 0.090686
6 0.760621 0.529820 0.183007 0.113562
6 0.911356 0.457925 0.142974 0.090686
6 0.194853 0.660948 0.113562 0.088235
6 0.354984 0.582516 0.108660 0.081699
6 0.518791 0.505719 0.124183 0.091503
6 0.643382 0.403186 0.123366 0.079248
6 0.780229 0.356209 0.120915 0.070261
6 0.153186 0.497958 0.105392 0.071078
6 0.058415 0.431373 0.115196 0.089869
6 0.211601 0.371732 0.104575 0.065359
6 0.359477 0.324755 0.106209 0.067810
6 0.294118 0.453023 0.101307 0.071078
6 0.444036 0.426471 0.100490 0.066993
6 0.519608 0.342320 0.109477 0.055556
6 0.482026 0.275327 0.101307 0.068627
6 0.636029 0.303513 0.120098 0.064542
6 0.630719 0.220588 0.086601 0.052288
