4 0.074346 0.317810 0.094771 0.050654
4 0.118056 0.372958 0.107026 0.051471
4 0.161356 0.440359 0.115196 0.063725
4 0.207108 0.516748 0.121732 0.064542
4 0.341095 0.658905 0.121732 0.095588
4 0.508578 0.699346 0.110294 0.088235
4 0.516340 0.553105 0.094771 0.070261
4 0.358252 0.527369 0.087418 0.077614
4 0.687092 0.580065 0.109477 0.081699
4 0.513480 0.462418 0.089052 0.073529
4 0.662990 0.472631 0.098856 0.059641
4 0.834967 0.493056 0.102941 0.064542
4 0.918301 0.433824 0.101307 0.062092
4 0.800245 0.408497 0.085784 0.049020
4 0.662582 0.396650 0.093137 0.058007
4 0.540850 0.377451 0.081699 0.050654
4 0.413807 0.404003 0.098856 0.046569
4 0.319853 0.426471 0.100490 0.060458
4 0.232435 0.361928 0.100490 0.053922
4 0.325980 0.341095 0.098039 0.044935
4 0.438725 0.344771 0.086601 0.047386
4 0.546160 0.312092 0.069444 0.037582
4 0.671160 0.338644 0.102124 0.049837
4 0.789216 0.339869 0.084967 0.042484
4 0.704248 0.291667 0.068627 0.035948
4 0.684641 0.250408 0.068627 0.033497
4 0.633578 0.285539 0.062908 0.031863
4 0.526144 0.261438 0.080065 0.039216
4 0.425654 0.296160 0.083333 0.043301
4 0.344771 0.266340 0.068627 0.035948
4 0.252042 0.253676 0.072712 0.038399
4 0.210376 0.297386 0.090686 0.049020
4 0.343137 0.227124 0.063725 0.034314
4 0.434641 0.244690 0.058824 0.035131
4 0.511438 0.215278 0.058824 0.035131
4 0.580474 0.198938 0.061275 0.028595
4 0.607026 0.235294 0.055556 0.029412
4 0.506127 0.178922 0.061275 0.031046
4 0.422386 0.205065 0.073529 0.034314
