4 0.078023 0.241422 0.154412 0.077614
4 0.142565 0.178105 0.120098 0.062092
4 0.294935 0.200163 0.098039 0.062092
4 0.291258 0.140114 0.095588 0.054739
4 0.419526 0.108252 0.098856 0.053105
4 0.563725 0.128676 0.096405 0.049837
4 0.558007 0.070261 0.101307 0.047386
4 0.671977 0.103350 0.102124 0.044935
4 0.708333 0.164216 0.091503 0.044118
4 0.832108 0.191176 0.111928 0.049020
4 0.733252 0.233252 0.084150 0.062908
4 0.801471 0.323529 0.153595 0.078431
4 0.869690 0.254493 0.110294 0.062908
4 0.959967 0.325163 0.078431 0.060458
4 0.969363 0.437908 0.061275 0.078431
4 0.988154 0.541667 0.023693 0.042484
4 0.781046 0.537582 0.155229 0.102941
4 0.821078 0.703840 0.176471 0.141340
4 0.538807 0.651552 0.151144 0.116830
4 0.520833 0.891340 0.172386 0.151961
4 0.252042 0.821895 0.206699 0.158497
4 0.292892 0.615196 0.144608 0.124183
4 0.073121 0.586193 0.144608 0.113562
4 0.039216 0.444444 0.076797 0.060458
4 0.227533 0.443627 0.178922 0.094771
4 0.389297 0.417484 0.174020 0.086601
4 0.588644 0.381127 0.156046 0.082516
4 0.608252 0.281863 0.108660 0.057190
4 0.577614 0.201797 0.125817 0.060458
4 0.410539 0.251225 0.142974 0.071078
4 0.428105 0.324346 0.145425 0.070261
4 0.256127 0.316993 0.152778 0.078431
4 0.099265 0.346814 0.169118 0.085784
4 0.791667 0.413399 0.145425 0.093137
4 0.544118 0.513072 0.147059 0.109477
