5 0.271650 0.669526 0.147876 0.200163
5 0.469771 0.688317 0.173203 0.159314
5 0.685049 0.680964 0.196895 0.152778
5 0.867647 0.607435 0.137255 0.157680
5 0.940359 0.478350 0.119281 0.082516
5 0.701797 0.479167 0.130719 0.107026
5 0.522059 0.496324 0.158497 0.115196
5 0.288807 0.498775 0.142974 0.115196
5 0.067402 0.479984 0.131536 0.115196
5 0.066585 0.682190 0.129902 0.158497
5 0.076797 0.374592 0.148693 0.092320
5 0.105801 0.278186 0.144608 0.064542
5 0.142974 0.185866 0.120915 0.053105
5 0.310866 0.214461 0.123366 0.061275
5 0.290441 0.303105 0.129902 0.080065
5 0.489379 0.301471 0.142157 0.094771
5 0.659722 0.297386 0.144608 0.075163
5 0.746732 0.373775 0.150327 0.071078
5 0.901144 0.361520 0.133987 0.079248
5 0.852941 0.285539 0.127451 0.058007
5 0.815768 0.210784 0.129902 0.060458
5 0.637255 0.215278 0.127451 0.067810
5 0.479575 0.199755 0.124183 0.082516
