8 0.664216 0.833742 0.116013 0.178922
8 0.461193 0.783497 0.082516 0.109477
8 0.300245 0.716503 0.089052 0.089869
8 0.116830 0.676471 0.073529 0.088235
8 0.018382 0.645425 0.031863 0.080065
8 0.736520 0.509804 0.092320 0.094771
8 0.537173 0.493464 0.087418 0.080065
8 0.380719 0.479167 0.080065 0.077614
8 0.203431 0.459559 0.068627 0.077614
7 0.766340 0.316585 0.107843 0.075980
7 0.584967 0.314134 0.089869 0.080882
7 0.429330 0.312500 0.067810 0.064542
7 0.267974 0.302288 0.070261 0.078431
7 0.156046 0.298203 0.063725 0.081699
7 0.218954 0.180147 0.049020 0.054739
7 0.321078 0.178105 0.049020 0.071895
7 0.486111 0.171977 0.070261 0.056373
7 0.633578 0.160948 0.074346 0.053922
7 0.818219 0.147467 0.108660 0.075980
8 0.176879 0.123775 0.048203 0.048203
7 0.122958 0.196078 0.046569 0.047386
7 0.073529 0.300654 0.053922 0.053922
