6 0.192810 0.926879 0.155229 0.146242
6 0.437908 0.904820 0.122549 0.156046
6 0.607026 0.862337 0.098039 0.131536
6 0.749592 0.839461 0.079248 0.116830
6 0.861111 0.811275 0.068627 0.114379
6 0.305147 0.742239 0.160948 0.167484
6 0.479167 0.730392 0.111928 0.143791
6 0.604575 0.639297 0.096405 0.115196
6 0.731209 0.675245 0.076797 0.107026
6 0.833333 0.666258 0.062092 0.098856
6 0.219363 0.524510 0.164216 0.174837
6 0.426471 0.552288 0.140523 0.168301
6 0.603350 0.477124 0.110294 0.129085
6 0.756127 0.469771 0.077614 0.104575
6 0.866422 0.467729 0.062908 0.092320
6 0.869690 0.337827 0.067810 0.102124
6 0.758578 0.321487 0.077614 0.116830
6 0.620098 0.303513 0.091503 0.120098
6 0.440359 0.281454 0.156863 0.198529
6 0.221814 0.257761 0.180556 0.190359
6 0.205882 0.058824 0.179739 0.116013
6 0.363562 0.058415 0.124183 0.115196
6 0.486928 0.061275 0.089869 0.120915
6 0.624592 0.104984 0.092320 0.126634
6 0.751634 0.146242 0.080065 0.109477
6 0.870098 0.177288 0.071895 0.106209
