5 0.276552 0.593137 0.343954 0.236928
5 0.599265 0.555556 0.270425 0.212418
5 0.843137 0.502859 0.218954 0.139706
5 0.396650 0.908905 0.350490 0.182190
5 0.783497 0.952206 0.310458 0.095588
5 0.963235 0.825572 0.070261 0.316176
5 0.105392 0.196078 0.207516 0.138889
5 0.396242 0.217320 0.271242 0.124183
5 0.640114 0.186683 0.224673 0.108660
5 0.791258 0.317810 0.164216 0.112745
5 0.836193 0.167892 0.170752 0.089052
5 0.730801 0.055147 0.185458 0.092320
5 0.532271 0.047794 0.206699 0.092320
5 0.296977 0.045752 0.221405 0.088235
5 0.071895 0.040033 0.142157 0.078431
5 0.955474 0.301879 0.089052 0.093954
