4 0.156863 0.840278 0.137255 0.108660
4 0.267974 0.956699 0.104575 0.086601
4 0.384804 0.805964 0.101307 0.105392
4 0.506536 0.916667 0.111111 0.107843
4 0.585784 0.775735 0.106209 0.100490
4 0.708333 0.898693 0.088235 0.099673
4 0.787173 0.773693 0.089052 0.089869
4 0.850490 0.874183 0.089869 0.101307
4 0.878676 0.694853 0.085784 0.102124
4 0.695261 0.707108 0.098039 0.113562
4 0.490605 0.712418 0.107026 0.107843
4 0.286356 0.722222 0.121732 0.096405
4 0.158088 0.574346 0.121732 0.138889
4 0.300245 0.520016 0.121732 0.144608
4 0.440359 0.521650 0.070261 0.131536
4 0.571078 0.582516 0.086601 0.133987
4 0.765931 0.574346 0.116830 0.098039
4 0.879085 0.560049 0.098039 0.087418
4 0.912582 0.453431 0.078431 0.098039
4 0.824346 0.446078 0.088235 0.086601
4 0.680964 0.441176 0.090686 0.084967
4 0.526961 0.446487 0.076797 0.107026
4 0.157680 0.407680 0.114379 0.140523
4 0.273693 0.336601 0.109477 0.135621
4 0.448529 0.338235 0.114379 0.148693
4 0.585784 0.343954 0.112745 0.089869
4 0.752451 0.359069 0.111111 0.100490
4 0.881536 0.361111 0.081699 0.080065
4 0.907271 0.236928 0.077614 0.101307
4 0.805147 0.199346 0.085784 0.099673
4 0.671160 0.188317 0.087418 0.093954
4 0.528595 0.170752 0.101307 0.104575
4 0.316585 0.142974 0.139706 0.156863
4 0.160948 0.225899 0.127451 0.144608
4 0.162990 0.051879 0.136438 0.102124
4 0.457108 0.085784 0.120098 0.119281
4 0.600899 0.100899 0.093954 0.111928
4 0.738154 0.112337 0.090686 0.111928
4 0.886846 0.125817 0.098856 0.099673
