7 0.093954 0.312500 0.050654 0.044935
7 0.176879 0.290850 0.058007 0.053922
7 0.252859 0.273693 0.056373 0.057190
7 0.139706 0.380719 0.058824 0.057190
7 0.224265 0.360703 0.066176 0.056373
7 0.296160 0.335376 0.048203 0.043301
7 0.189542 0.454657 0.060458 0.053105
7 0.273284 0.429739 0.056373 0.057190
7 0.354167 0.408497 0.058007 0.052288
7 0.446487 0.176062 0.053105 0.062908
7 0.535131 0.146242 0.047386 0.058824
7 0.490605 0.281046 0.041667 0.049020
7 0.572304 0.244281 0.048203 0.057190
7 0.612337 0.341912 0.036765 0.051471
7 0.534722 0.377042 0.040033 0.056373
7 0.408905 0.484477 0.054739 0.050654
7 0.334559 0.511029 0.059641 0.056373
7 0.248775 0.546977 0.064542 0.061275
7 0.652369 0.681373 0.043301 0.050654
7 0.718954 0.631127 0.037582 0.056373
7 0.797386 0.571078 0.037582 0.053922
7 0.871324 0.516340 0.030229 0.047386
7 0.687092 0.769199 0.032680 0.043301
7 0.753676 0.718137 0.036765 0.058824
7 0.823938 0.654820 0.035131 0.053105
7 0.894608 0.598856 0.037582 0.052288
7 0.549428 0.818219 0.044935 0.053105
7 0.582108 0.896650 0.044935 0.054739
7 0.498775 0.864788 0.044935 0.056373
7 0.529412 0.941176 0.044118 0.049020
7 0.430964 0.925654 0.041667 0.052288
8 0.580474 0.502859 0.051471 0.043301
8 0.712418 0.054739 0.050654 0.052288
8 0.611520 0.101716 0.049837 0.048203
8 0.746732 0.148693 0.037582 0.045752
8 0.652778 0.199346 0.039216 0.045752
8 0.776961 0.244690 0.035948 0.051471
8 0.692402 0.296569 0.038399 0.053922
8 0.654412 0.461601 0.049020 0.057190
8 0.733660 0.413399 0.042484 0.042484
8 0.820261 0.359886 0.031046 0.043301
8 0.849673 0.449755 0.035948 0.041667
8 0.770016 0.504902 0.043301 0.045752
8 0.688317 0.556781 0.046569 0.053105
8 0.617239 0.598856 0.035131 0.047386
8 0.444036 0.561683 0.040033 0.046569
8 0.394608 0.611111 0.050654 0.058824
8 0.310458 0.664216 0.052288 0.060458
8 0.492239 0.654003 0.044935 0.044935
8 0.433415 0.707516 0.040033 0.044118
8 0.358660 0.770016 0.055556 0.056373
8 0.593137 0.696487 0.040850 0.044935
8 0.628268 0.762663 0.039216 0.041667
8 0.525735 0.745098 0.038399 0.057190
8 0.465278 0.793301 0.046569 0.040850
