6 0.241422 0.705474 0.097222 0.110294
6 0.365605 0.695670 0.100490 0.103758
6 0.529003 0.677696 0.095588 0.108660
6 0.715278 0.666258 0.093954 0.118464
6 0.238562 0.531454 0.099673 0.102124
6 0.390523 0.532271 0.073529 0.075980
6 0.528186 0.527369 0.079248 0.085784
6 0.670343 0.506944 0.077614 0.084150
6 0.662990 0.378676 0.087418 0.090686
6 0.523284 0.380310 0.089052 0.092320
6 0.394199 0.408497 0.097222 0.101307
6 0.245098 0.383987 0.089869 0.084967
6 0.265931 0.184232 0.085784 0.071078
6 0.402369 0.223448 0.080882 0.085784
6 0.516340 0.226307 0.091503 0.083333
6 0.641748 0.216503 0.077614 0.081699
