4 0.116422 0.169935 0.151144 0.062092
4 0.262663 0.196078 0.113562 0.081699
4 0.399510 0.141340 0.080065 0.075163
4 0.542484 0.137663 0.109477 0.049837
4 0.699346 0.147467 0.116013 0.053105
4 0.874183 0.136438 0.137255 0.050654
4 0.933007 0.216503 0.133987 0.068627
4 0.795752 0.194444 0.114379 0.065359
4 0.915850 0.272059 0.117647 0.037582
4 0.971814 0.327206 0.056373 0.054739
4 0.870098 0.343954 0.107843 0.093137
4 0.953431 0.423203 0.093137 0.065359
4 0.841912 0.453840 0.170752 0.110294
4 0.930147 0.661765 0.139706 0.114379
4 0.854984 0.838644 0.200163 0.167484
4 0.738971 0.581699 0.151144 0.106209
4 0.551062 0.477124 0.131536 0.107843
4 0.586193 0.656863 0.167484 0.133987
4 0.472222 0.833333 0.227124 0.168301
4 0.275735 0.680147 0.170752 0.138072
4 0.135212 0.567402 0.126634 0.110294
4 0.058007 0.859477 0.114379 0.142157
4 0.191993 0.435049 0.133987 0.110294
4 0.357026 0.428513 0.088235 0.111928
4 0.476307 0.370098 0.117647 0.086601
4 0.569853 0.292892 0.105392 0.077614
4 0.664624 0.349265 0.098856 0.095588
4 0.740196 0.276144 0.161765 0.050654
4 0.370098 0.291258 0.150327 0.089052
4 0.473448 0.194036 0.098856 0.064542
4 0.627042 0.194853 0.108660 0.056373
4 0.180556 0.299837 0.120915 0.106209
4 0.051879 0.348039 0.102124 0.099673
4 0.062908 0.238562 0.124183 0.057190
4 0.419526 0.581699 0.121732 0.133987
