5 0.269608 0.484886 0.127451 0.111928
5 0.082108 0.221405 0.144608 0.132353
5 0.046977 0.088644 0.090686 0.092320
5 0.246324 0.169526 0.125000 0.115196
5 0.378676 0.130719 0.110294 0.101307
5 0.492239 0.100899 0.092320 0.095588
5 0.609477 0.122958 0.086601 0.087418
5 0.696895 0.334150 0.078431 0.089869
5 0.614379 0.360294 0.081699 0.096405
5 0.513889 0.401552 0.102941 0.097222
5 0.402778 0.441585 0.106209 0.097222
5 0.444444 0.557598 0.112745 0.100490
5 0.313725 0.618873 0.106209 0.115196
5 0.360703 0.792484 0.097222 0.098039
5 0.399101 0.893382 0.097222 0.079248
5 0.430147 0.974673 0.093954 0.050654
5 0.187500 0.049428 0.120098 0.097222
5 0.331699 0.025327 0.102941 0.049020
5 0.462418 0.013480 0.081699 0.025327
5 0.570670 0.022467 0.075980 0.043301
5 0.720997 0.429330 0.080882 0.072712
5 0.755310 0.523284 0.092320 0.087418
5 0.783497 0.618056 0.086601 0.079248
5 0.833333 0.741830 0.089869 0.102941
5 0.746732 0.806373 0.068627 0.086601
5 0.680964 0.855801 0.069444 0.082516
5 0.604984 0.896650 0.077614 0.082516
5 0.527369 0.946487 0.082516 0.084150
5 0.490196 0.850082 0.094771 0.080882
5 0.572304 0.803105 0.067810 0.078431
5 0.647059 0.762663 0.080065 0.087418
5 0.705882 0.662582 0.089869 0.104575
5 0.602124 0.640931 0.078431 0.092320
5 0.536356 0.710784 0.079248 0.094771
5 0.453431 0.748775 0.093137 0.100490
5 0.553513 0.515523 0.100490 0.093137
5 0.662990 0.549837 0.080882 0.080065
5 0.635621 0.453840 0.076797 0.074346
