7 0.535948 0.576389 0.075163 0.079248
7 0.696895 0.579248 0.075163 0.078431
7 0.897059 0.581291 0.075163 0.082516
7 0.944853 0.756127 0.082516 0.100490
7 0.738971 0.753676 0.085784 0.093954
7 0.548611 0.769199 0.069444 0.093954
7 0.235294 0.674020 0.086601 0.078431
7 0.093954 0.682598 0.084967 0.090686
7 0.216095 0.866013 0.095588 0.116013
7 0.055147 0.868464 0.103758 0.104575
7 0.503676 0.174428 0.058007 0.061275
7 0.629902 0.188317 0.058824 0.058007
7 0.493464 0.085376 0.044118 0.044935
7 0.617647 0.099673 0.062092 0.044118
7 0.279003 0.188317 0.067810 0.056373
7 0.178922 0.162990 0.071895 0.074346
7 0.059641 0.141340 0.065359 0.062092
7 0.269608 0.104167 0.070261 0.053105
7 0.170343 0.080065 0.054739 0.055556
7 0.071487 0.058824 0.058007 0.050654
7 0.249592 0.036356 0.046569 0.043301
7 0.164624 0.024101 0.049837 0.038399
7 0.080474 0.012255 0.043301 0.022876
8 0.412173 0.854575 0.095588 0.086601
8 0.430964 0.674428 0.092320 0.079248
8 0.417075 0.538807 0.077614 0.080882
8 0.256944 0.528595 0.100490 0.104575
8 0.114379 0.527778 0.086601 0.063725
8 0.273284 0.392974 0.089052 0.060458
8 0.146242 0.404820 0.073529 0.066176
8 0.034722 0.276144 0.066176 0.080065
8 0.168709 0.281454 0.074346 0.072712
8 0.275735 0.271242 0.062908 0.055556
8 0.504493 0.308007 0.080882 0.049020
8 0.645016 0.322712 0.084150 0.070261
8 0.799020 0.331291 0.076797 0.049837
8 0.973448 0.345997 0.053105 0.061275
8 0.508987 0.430147 0.076797 0.062908
8 0.669935 0.453023 0.096405 0.077614
8 0.852941 0.465278 0.088235 0.064542
8 0.765931 0.197712 0.059641 0.055556
8 0.922794 0.212418 0.058007 0.047386
8 0.737337 0.111111 0.058007 0.039216
8 0.893382 0.126634 0.053105 0.035948
8 0.864788 0.052696 0.072712 0.033497
8 0.710784 0.036765 0.053922 0.031046
7 0.601716 0.026961 0.044935 0.035948
7 0.486928 0.014297 0.049020 0.026961
