5 0.137663 0.087418 0.125000 0.098039
5 0.135621 0.218954 0.116013 0.099673
5 0.127451 0.332108 0.122549 0.097222
5 0.118464 0.462010 0.119281 0.103758
5 0.110294 0.602941 0.116013 0.114379
5 0.120915 0.801879 0.166667 0.169118
5 0.348448 0.808415 0.133170 0.154412
5 0.525327 0.806781 0.137255 0.159314
5 0.701797 0.816993 0.132353 0.145425
5 0.881536 0.823938 0.153595 0.151144
5 0.351307 0.622141 0.166667 0.136438
5 0.542075 0.624183 0.129902 0.129085
5 0.702614 0.628676 0.124183 0.115196
5 0.865605 0.648693 0.157680 0.133987
5 0.847222 0.454657 0.142157 0.126634
5 0.660539 0.456699 0.139706 0.130719
5 0.459967 0.457516 0.143791 0.102941
5 0.258578 0.457925 0.125000 0.100490
5 0.265114 0.336601 0.116830 0.093137
5 0.398693 0.331291 0.125817 0.090686
5 0.648693 0.282680 0.135621 0.116013
5 0.822304 0.279820 0.134804 0.116830
5 0.807190 0.102124 0.125817 0.106209
5 0.636029 0.101307 0.131536 0.102941
5 0.403186 0.202614 0.115196 0.104575
5 0.273693 0.210376 0.117647 0.103758
5 0.280229 0.091503 0.109477 0.096405
5 0.407680 0.081699 0.117647 0.089869
