6 0.139706 0.831699 0.179739 0.174837
6 0.401961 0.852533 0.168301 0.175654
6 0.657680 0.886438 0.169935 0.173203
6 0.909722 0.908088 0.170752 0.183824
6 0.835784 0.685049 0.143791 0.134804
6 0.633578 0.661356 0.142974 0.128268
6 0.435049 0.591095 0.147876 0.126634
6 0.240605 0.654003 0.157680 0.149510
6 0.062500 0.624592 0.123366 0.159314
6 0.046160 0.433415 0.090686 0.133170
6 0.216095 0.471405 0.169118 0.148693
6 0.450572 0.427288 0.147876 0.117647
6 0.685458 0.438317 0.137255 0.105392
6 0.890931 0.450980 0.123366 0.107843
6 0.885212 0.310866 0.134804 0.100490
6 0.689134 0.299428 0.118464 0.100490
6 0.489379 0.280637 0.114379 0.100490
6 0.283905 0.268382 0.170752 0.134804
6 0.080882 0.253676 0.142157 0.110294
6 0.110294 0.122958 0.130719 0.105392
6 0.242647 0.118056 0.107843 0.084150
6 0.361111 0.119690 0.091503 0.074346
6 0.510621 0.139706 0.114379 0.084967
6 0.680147 0.151961 0.113562 0.089869
6 0.869690 0.166258 0.111928 0.089052
