7 0.555556 0.500408 0.081699 0.049837
7 0.564951 0.416258 0.080882 0.040033
7 0.676471 0.416258 0.060458 0.051471
7 0.678513 0.499592 0.066176 0.046569
7 0.807598 0.500000 0.085784 0.050654
7 0.804330 0.404412 0.072712 0.050654
7 0.775327 0.263889 0.057190 0.039216
7 0.779412 0.225899 0.063725 0.033497
7 0.785539 0.190768 0.049837 0.018791
7 0.716912 0.196487 0.043301 0.035131
7 0.710784 0.232843 0.045752 0.024510
7 0.710784 0.271242 0.039216 0.032680
7 0.627451 0.287582 0.060458 0.031046
7 0.642565 0.245507 0.054739 0.022059
7 0.652778 0.201389 0.045752 0.023693
7 0.564542 0.210784 0.049020 0.035948
7 0.554330 0.260621 0.067810 0.034314
7 0.542892 0.303105 0.072712 0.029412
7 0.184641 0.315768 0.040850 0.031863
7 0.202614 0.276961 0.045752 0.034314
7 0.218137 0.234886 0.057190 0.031863
7 0.148693 0.239379 0.034314 0.031046
7 0.128676 0.279003 0.033497 0.028595
7 0.102124 0.322304 0.058824 0.028595
7 0.081291 0.425654 0.056373 0.026144
7 0.197712 0.426471 0.065359 0.037582
7 0.166667 0.500817 0.066993 0.052288
7 0.047794 0.510212 0.066176 0.040033
7 0.111928 0.624183 0.063725 0.057190
7 0.048611 0.779412 0.087418 0.066993
8 0.165441 0.782680 0.082516 0.075163
8 0.317402 0.782680 0.095588 0.080065
8 0.518791 0.788807 0.086601 0.082516
8 0.695261 0.796160 0.116013 0.090686
8 0.868056 0.794526 0.100490 0.116830
8 0.827206 0.603350 0.092320 0.059641
8 0.683415 0.609886 0.080882 0.048203
8 0.543709 0.601716 0.089052 0.056373
8 0.364788 0.611928 0.064542 0.049020
8 0.217729 0.624183 0.069444 0.053922
8 0.267565 0.500000 0.092320 0.060458
8 0.395833 0.499183 0.074346 0.058824
8 0.418301 0.415033 0.058824 0.049020
8 0.301471 0.414624 0.052288 0.043301
8 0.240196 0.376225 0.044118 0.040033
8 0.156454 0.379902 0.051471 0.044118
8 0.080882 0.378676 0.055556 0.048203
8 0.268791 0.315359 0.057190 0.027778
8 0.279003 0.270016 0.041667 0.025327
8 0.282680 0.227533 0.040850 0.035131
8 0.365605 0.225490 0.051471 0.026144
8 0.360294 0.270833 0.055556 0.026961
8 0.358660 0.314134 0.050654 0.026961
8 0.455474 0.308007 0.043301 0.022876
8 0.446078 0.266748 0.063725 0.025327
8 0.453840 0.219771 0.072712 0.027778
