6 0.831291 0.747141 0.154412 0.152778
6 0.537582 0.745507 0.142157 0.131536
6 0.301062 0.755719 0.142974 0.124183
6 0.131944 0.762255 0.131536 0.117647
6 0.162173 0.571895 0.120098 0.112745
6 0.357843 0.575572 0.098039 0.079248
6 0.538807 0.568219 0.116830 0.092320
6 0.750817 0.551062 0.119281 0.103758
6 0.737745 0.411765 0.122549 0.096405
6 0.547794 0.415033 0.116830 0.089869
6 0.377859 0.445261 0.120098 0.098039
6 0.198938 0.423611 0.107026 0.080882
6 0.260621 0.248775 0.098039 0.067810
6 0.404412 0.275327 0.098039 0.080065
6 0.548203 0.270833 0.111111 0.071078
6 0.707516 0.257761 0.102941 0.066176
