4 0.472222 0.553922 0.102941 0.086601
4 0.506127 0.723448 0.087418 0.090686
4 0.537990 0.901552 0.102124 0.103758
4 0.680964 0.897467 0.095588 0.095588
4 0.351716 0.759395 0.105392 0.095588
4 0.259395 0.686683 0.107026 0.108660
4 0.183824 0.605392 0.071895 0.098039
4 0.095997 0.538399 0.105392 0.096405
4 0.234069 0.467729 0.084150 0.084150
4 0.305556 0.563725 0.101307 0.089869
4 0.426471 0.631536 0.104575 0.096405
4 0.613154 0.595997 0.089052 0.084150
4 0.734886 0.590278 0.092320 0.085784
4 0.787582 0.718137 0.096405 0.099673
4 0.888480 0.571895 0.095588 0.081699
4 0.948938 0.467729 0.097222 0.077614
4 0.837827 0.460784 0.087418 0.070261
4 0.602124 0.497958 0.089869 0.089052
4 0.486928 0.468546 0.086601 0.079248
4 0.350082 0.484477 0.092320 0.094771
4 0.230801 0.356209 0.071078 0.078431
4 0.327206 0.371324 0.074346 0.064542
4 0.442402 0.375408 0.103758 0.079248
4 0.563317 0.386029 0.079248 0.067810
4 0.404003 0.297386 0.071078 0.049020
4 0.520833 0.296569 0.090686 0.063725
4 0.676879 0.389297 0.066176 0.079248
4 0.810458 0.339869 0.093137 0.063725
4 0.716095 0.285948 0.072712 0.062092
4 0.629902 0.301062 0.078431 0.059641
4 0.477124 0.229575 0.073529 0.058824
4 0.376634 0.216503 0.081699 0.057190
4 0.303105 0.284722 0.078431 0.059641
4 0.457516 0.139706 0.078431 0.055556
4 0.549020 0.168301 0.071895 0.050654
4 0.591095 0.225490 0.067810 0.047386
4 0.675654 0.239379 0.066993 0.040850
