7 0.122958 0.111520 0.036765 0.054739
7 0.188725 0.125408 0.045752 0.058007
7 0.257353 0.127859 0.040850 0.053105
7 0.261438 0.192402 0.049020 0.051471
7 0.192810 0.185458 0.040850 0.040850
7 0.125817 0.178105 0.042484 0.042484
7 0.129902 0.237745 0.047386 0.052288
7 0.204248 0.254902 0.047386 0.053922
7 0.275735 0.264297 0.066176 0.058007
7 0.218954 0.341912 0.062092 0.064542
7 0.128676 0.334150 0.048203 0.068627
7 0.291258 0.346814 0.054739 0.059641
7 0.465686 0.304739 0.058824 0.063725
7 0.461193 0.208742 0.056373 0.058007
7 0.461601 0.110703 0.050654 0.056373
7 0.568219 0.107843 0.056373 0.052288
7 0.564951 0.203023 0.049837 0.062908
7 0.566176 0.315359 0.049020 0.060458
7 0.470997 0.682190 0.048203 0.070261
7 0.580882 0.683007 0.057190 0.063725
7 0.727124 0.675654 0.071895 0.073529
7 0.875000 0.667892 0.049020 0.066176
7 0.736928 0.807598 0.060458 0.080882
7 0.884395 0.796977 0.082516 0.087418
7 0.591095 0.809641 0.049837 0.078431
7 0.473856 0.815768 0.040850 0.058007
7 0.285948 0.761029 0.053922 0.054739
7 0.208742 0.768382 0.040033 0.056373
7 0.116422 0.778595 0.040033 0.060458
7 0.115196 0.884395 0.040850 0.051471
7 0.205882 0.882761 0.058824 0.066176
7 0.283497 0.877042 0.052288 0.074346
8 0.293709 0.439951 0.053105 0.061275
8 0.220588 0.457108 0.060458 0.074346
8 0.125000 0.462010 0.053922 0.085784
8 0.120098 0.579657 0.049020 0.071078
8 0.215278 0.566585 0.049837 0.066176
8 0.295752 0.548611 0.076797 0.071078
8 0.286765 0.658497 0.065359 0.080065
8 0.210376 0.667075 0.041667 0.080882
8 0.110294 0.686275 0.070261 0.058824
8 0.390523 0.657680 0.063725 0.070261
8 0.403186 0.765114 0.051471 0.059641
8 0.394608 0.868464 0.060458 0.057190
8 0.461601 0.569853 0.060458 0.077614
8 0.577614 0.580065 0.086601 0.080065
8 0.714869 0.581699 0.078431 0.071895
8 0.870507 0.566176 0.061275 0.070261
8 0.850899 0.450980 0.053105 0.091503
8 0.698121 0.449755 0.072712 0.072712
8 0.577614 0.453431 0.070261 0.075163
8 0.459559 0.452206 0.095588 0.074346
8 0.691176 0.305556 0.066993 0.070261
8 0.842729 0.293301 0.080882 0.076797
8 0.841912 0.181781 0.069444 0.054739
8 0.833333 0.066585 0.101307 0.082516
8 0.681781 0.100899 0.074346 0.067810
8 0.678513 0.202206 0.075980 0.069444
