5 0.617239 0.861928 0.110294 0.125817
5 0.483252 0.867647 0.075980 0.098039
5 0.377042 0.855801 0.082516 0.097222
5 0.268382 0.839052 0.085784 0.102941
5 0.163399 0.820261 0.101307 0.104575
5 0.049020 0.801471 0.094771 0.114379
5 0.074346 0.684232 0.114379 0.108660
5 0.189542 0.706291 0.098039 0.108660
5 0.297794 0.726716 0.092320 0.100490
5 0.395425 0.747141 0.083333 0.103758
5 0.514706 0.686683 0.094771 0.108660
5 0.633987 0.703840 0.089869 0.098856
5 0.640523 0.591912 0.094771 0.098856
5 0.531454 0.562908 0.085784 0.089869
5 0.415033 0.601307 0.076797 0.099673
5 0.315768 0.618873 0.089052 0.102124
5 0.208742 0.601307 0.093954 0.101307
5 0.096405 0.577206 0.102941 0.100490
5 0.160948 0.406863 0.106209 0.104575
5 0.305556 0.441993 0.094771 0.098039
5 0.433824 0.468137 0.089869 0.101307
5 0.548203 0.466503 0.078431 0.080065
5 0.654412 0.493464 0.081699 0.076797
5 0.667075 0.400735 0.079248 0.082516
5 0.571895 0.381944 0.083333 0.085784
5 0.452206 0.358252 0.090686 0.087418
5 0.337418 0.332925 0.094771 0.093954
5 0.194853 0.302288 0.098856 0.094771
5 0.569444 0.144608 0.083333 0.081699
5 0.674020 0.205065 0.070261 0.076797
5 0.459150 0.123366 0.083333 0.081699
5 0.334150 0.097631 0.093137 0.089052
5 0.190768 0.076389 0.105392 0.092320
5 0.585784 0.054739 0.071895 0.070261
5 0.681781 0.107026 0.067810 0.065359
5 0.687908 0.034314 0.063725 0.065359
5 0.475899 0.029003 0.080882 0.056373
5 0.350899 0.022876 0.084150 0.044118
