4 0.249592 0.814134 0.221405 0.159314
4 0.513889 0.881944 0.166667 0.139706
4 0.819444 0.695670 0.178105 0.121732
4 0.541667 0.645833 0.160131 0.107026
4 0.295752 0.612745 0.138889 0.117647
4 0.072304 0.585376 0.142974 0.113562
4 0.785948 0.535948 0.155229 0.098039
4 0.541258 0.509395 0.144608 0.105392
4 0.230392 0.443627 0.176471 0.091503
4 0.035539 0.445670 0.069444 0.053105
4 0.105801 0.345588 0.157680 0.086601
4 0.257353 0.312500 0.161765 0.077614
4 0.428513 0.325572 0.136438 0.067810
4 0.603758 0.274510 0.112745 0.062092
4 0.591095 0.380719 0.159314 0.086601
4 0.790850 0.415441 0.151961 0.097222
4 0.970997 0.436275 0.058007 0.083333
4 0.984886 0.537582 0.030229 0.055556
4 0.960784 0.321078 0.075163 0.063725
4 0.801471 0.322304 0.145425 0.066176
4 0.871324 0.250817 0.108660 0.063725
4 0.830474 0.184641 0.108660 0.060458
4 0.753676 0.231209 0.123366 0.040850
4 0.585376 0.202206 0.103758 0.058007
4 0.414216 0.250000 0.129085 0.062092
4 0.296977 0.199755 0.102124 0.054739
4 0.150735 0.178922 0.100490 0.060458
4 0.078840 0.238154 0.139706 0.071078
4 0.707108 0.161765 0.085784 0.037582
4 0.668709 0.100490 0.097222 0.037582
4 0.560866 0.129493 0.090686 0.040033
4 0.428513 0.165850 0.092320 0.039216
4 0.290441 0.139706 0.100490 0.049020
4 0.423203 0.105392 0.096405 0.050654
4 0.557598 0.072304 0.089052 0.043301
