8 0.118750 0.954688 0.137500 0.090625
8 0.793750 0.910937 0.062500 0.090625
8 0.959375 0.796875 0.050000 0.056250
8 0.839063 0.620313 0.046875 0.046875
8 0.518750 0.267188 0.062500 0.046875
8 0.264062 0.250000 0.053125 0.037500
8 0.217188 0.368750 0.071875 0.056250
8 0.362500 0.156250 0.050000 0.037500
8 0.800000 0.673438 0.043750 0.046875
12 0.157812 0.514062 0.065625 0.046875
12 0.137500 0.595313 0.087500 0.065625
12 0.237500 0.587500 0.081250 0.056250
12 0.257812 0.531250 0.071875 0.050000
12 0.335938 0.504687 0.078125 0.059375
12 0.409375 0.487500 0.062500 0.050000
12 0.335938 0.584375 0.071875 0.056250
12 0.414062 0.585938 0.059375 0.059375
12 0.523438 0.540625 0.053125 0.062500
12 0.504687 0.620313 0.071875 0.065625
12 0.968750 0.856250 0.056250 0.056250
12 0.979688 0.932813 0.040625 0.059375
12 0.239063 0.439063 0.084375 0.059375
12 0.525000 0.212500 0.050000 0.043750
12 0.832812 0.448437 0.053125 0.053125
12 0.843750 0.520312 0.050000 0.046875
12 0.775000 0.546875 0.062500 0.050000
12 0.764062 0.706250 0.053125 0.062500
10 0.071875 0.703125 0.106250 0.075000
10 0.187500 0.678125 0.050000 0.068750
10 0.265625 0.682813 0.075000 0.090625
10 0.475000 0.767188 0.056250 0.059375
10 0.393750 0.768750 0.075000 0.093750
10 0.473438 0.868750 0.059375 0.087500
10 0.542188 0.860938 0.053125 0.071875
10 0.267188 0.215625 0.053125 0.031250
10 0.334375 0.235937 0.050000 0.040625
10 0.385937 0.256250 0.053125 0.037500
10 0.434375 0.292187 0.050000 0.028125
10 0.487500 0.312500 0.037500 0.037500
10 0.453125 0.237500 0.050000 0.043750
10 0.465625 0.135937 0.050000 0.034375
10 0.329688 0.078125 0.040625 0.031250
10 0.803125 0.371875 0.043750 0.043750
10 0.718750 0.456250 0.056250 0.043750
10 0.907813 0.632812 0.046875 0.059375
10 0.871875 0.706250 0.043750 0.043750
10 0.851562 0.754687 0.040625 0.053125
10 0.842187 0.815625 0.059375 0.056250
10 0.871875 0.904687 0.050000 0.059375
11 0.239063 0.296875 0.065625 0.050000
8 0.346875 0.271875 0.037500 0.025000
11 0.334375 0.295312 0.050000 0.028125
11 0.298438 0.353125 0.065625 0.043750
11 0.393750 0.353125 0.056250 0.037500
11 0.364063 0.376563 0.059375 0.034375
11 0.410938 0.426563 0.059375 0.046875
11 0.470313 0.389062 0.046875 0.040625
11 0.515625 0.459375 0.050000 0.056250
11 0.467187 0.481250 0.046875 0.050000
11 0.357812 0.687500 0.065625 0.068750
11 0.306250 0.779687 0.068750 0.084375
11 0.209375 0.818750 0.093750 0.100000
11 0.107813 0.839063 0.109375 0.096875
11 0.251563 0.946875 0.084375 0.093750
11 0.392188 0.881250 0.078125 0.093750
11 0.807813 0.726562 0.040625 0.040625
11 0.759375 0.659375 0.043750 0.050000
11 0.757812 0.600000 0.040625 0.043750
11 0.907813 0.831250 0.059375 0.068750
11 0.932813 0.926562 0.046875 0.065625
11 0.720313 0.390625 0.040625 0.043750
8 0.754687 0.364063 0.034375 0.034375
11 0.718750 0.309375 0.037500 0.037500
11 0.301563 0.178125 0.046875 0.037500
11 0.446875 0.184375 0.043750 0.043750
4 0.439063 0.684375 0.059375 0.056250
4 0.501563 0.717187 0.065625 0.046875
4 0.332813 0.428125 0.065625 0.043750
4 0.542188 0.414062 0.053125 0.034375
4 0.521875 0.371875 0.043750 0.037500
4 0.465625 0.340625 0.043750 0.025000
4 0.407813 0.317188 0.053125 0.028125
4 0.375000 0.204687 0.043750 0.034375
4 0.342187 0.118750 0.053125 0.043750
4 0.390625 0.123438 0.043750 0.028125
4 0.414062 0.110937 0.040625 0.028125
4 0.459375 0.542188 0.062500 0.046875
4 0.698438 0.260937 0.046875 0.028125
4 0.860938 0.582812 0.040625 0.046875
4 0.912500 0.721875 0.043750 0.043750
4 0.900000 0.770312 0.043750 0.046875
4 0.779687 0.782813 0.046875 0.053125
4 0.814063 0.868750 0.046875 0.050000
12 0.781250 0.468750 0.050000 0.050000
12 0.517188 0.153125 0.034375 0.031250
8 0.539062 0.140625 0.034375 0.025000
4 0.465625 0.096875 0.037500 0.031250
8 0.759375 0.304688 0.043750 0.028125
