8 0.795312 0.350000 0.096875 0.087500
8 0.767188 0.451562 0.096875 0.078125
8 0.732812 0.535937 0.090625 0.084375
8 0.682813 0.620313 0.090625 0.090625
8 0.600000 0.571875 0.075000 0.093750
8 0.673438 0.482812 0.078125 0.096875
8 0.695312 0.385937 0.084375 0.071875
8 0.621875 0.431250 0.062500 0.081250
8 0.571875 0.337500 0.075000 0.062500
8 0.540625 0.404687 0.068750 0.065625
8 0.479687 0.379688 0.059375 0.065625
8 0.470313 0.456250 0.059375 0.050000
8 0.459375 0.526563 0.050000 0.053125
8 0.525000 0.479687 0.068750 0.090625
8 0.507812 0.548438 0.046875 0.059375
8 0.498437 0.609375 0.059375 0.062500
8 0.500000 0.931250 0.081250 0.087500
8 0.407813 0.910937 0.065625 0.090625
8 0.392188 0.982812 0.065625 0.034375
4 0.292187 0.848437 0.065625 0.059375
4 0.321875 0.925000 0.056250 0.081250
4 0.262500 0.946875 0.056250 0.062500
4 0.243750 0.892188 0.043750 0.059375
4 0.253125 0.818750 0.050000 0.068750
4 0.448437 0.334375 0.053125 0.056250
4 0.382812 0.340625 0.034375 0.043750
4 0.406250 0.378125 0.056250 0.050000
4 0.356250 0.432812 0.043750 0.053125
4 0.410938 0.431250 0.053125 0.056250
4 0.385937 0.495312 0.046875 0.053125
4 0.343750 0.490625 0.043750 0.050000
4 0.329688 0.557813 0.040625 0.059375
4 0.373437 0.565625 0.046875 0.062500
4 0.260937 0.551562 0.046875 0.053125
4 0.281250 0.476562 0.043750 0.053125
4 0.307812 0.406250 0.040625 0.056250
4 0.326562 0.342187 0.046875 0.053125
12 0.196875 0.789062 0.050000 0.071875
12 0.173437 0.884375 0.053125 0.068750
12 0.160938 0.970313 0.059375 0.059375
12 0.107813 0.959375 0.040625 0.068750
12 0.125000 0.882812 0.050000 0.065625
12 0.145313 0.812500 0.034375 0.062500
12 0.140625 0.762500 0.043750 0.056250
10 0.054688 0.923438 0.034375 0.059375
10 0.079687 0.740625 0.053125 0.050000
10 0.079687 0.800000 0.034375 0.056250
10 0.037500 0.859375 0.031250 0.050000
10 0.046875 0.806250 0.037500 0.062500
10 0.081250 0.856250 0.050000 0.056250
10 0.018750 0.898438 0.031250 0.053125
