10 0.531250 0.564063 0.056250 0.071875
10 0.335938 0.501563 0.053125 0.059375
10 0.520312 0.482812 0.059375 0.071875
10 0.543750 0.439063 0.056250 0.065625
10 0.475000 0.412500 0.056250 0.062500
10 0.456250 0.462500 0.050000 0.068750
10 0.379688 0.445312 0.065625 0.059375
10 0.420312 0.398438 0.053125 0.071875
10 0.378125 0.357812 0.062500 0.053125
12 0.557813 0.340625 0.065625 0.050000
12 0.498437 0.326562 0.065625 0.059375
12 0.442188 0.301563 0.046875 0.053125
12 0.504687 0.246875 0.071875 0.068750
12 0.470313 0.178125 0.059375 0.050000
12 0.412500 0.162500 0.050000 0.056250
12 0.418750 0.225000 0.050000 0.050000
4 0.573438 0.148438 0.053125 0.053125
4 0.589063 0.089063 0.040625 0.059375
4 0.542188 0.060937 0.046875 0.046875
4 0.490625 0.057813 0.050000 0.059375
4 0.454688 0.082812 0.053125 0.053125
4 0.518750 0.117188 0.056250 0.053125
11 0.278125 0.707812 0.081250 0.078125
11 0.251563 0.909375 0.065625 0.087500
11 0.467187 0.964063 0.059375 0.071875
11 0.417187 0.945312 0.065625 0.090625
11 0.898438 0.132812 0.046875 0.046875
11 0.937500 0.073438 0.037500 0.053125
11 0.901563 0.068750 0.028125 0.056250
11 0.859375 0.112500 0.043750 0.050000
11 0.784375 0.093750 0.025000 0.062500
11 0.818750 0.092188 0.043750 0.053125
11 0.862500 0.053125 0.031250 0.050000
11 0.806250 0.028125 0.031250 0.050000
11 0.834375 0.045312 0.037500 0.071875
11 0.260937 0.810937 0.065625 0.084375
11 0.518750 0.701562 0.043750 0.071875
11 0.476562 0.887500 0.065625 0.093750
11 0.496875 0.796875 0.050000 0.075000
