8 0.454688 0.051562 0.065625 0.078125
8 0.521875 0.060937 0.062500 0.071875
8 0.600000 0.057813 0.068750 0.065625
8 0.675000 0.068750 0.056250 0.062500
8 0.603125 0.128125 0.062500 0.068750
8 0.529687 0.145313 0.071875 0.071875
8 0.473438 0.145313 0.065625 0.065625
4 0.673438 0.200000 0.059375 0.056250
4 0.600000 0.251563 0.056250 0.065625
4 0.506250 0.242188 0.068750 0.071875
4 0.545312 0.303125 0.071875 0.062500
4 0.614062 0.334375 0.065625 0.075000
4 0.459375 0.309375 0.056250 0.068750
4 0.517188 0.364063 0.065625 0.065625
4 0.448437 0.382812 0.065625 0.078125
12 0.446875 0.485938 0.075000 0.090625
12 0.523438 0.459375 0.065625 0.087500
12 0.604688 0.432812 0.065625 0.071875
12 0.673438 0.454688 0.065625 0.065625
12 0.625000 0.512500 0.062500 0.062500
12 0.560937 0.535937 0.053125 0.071875
12 0.493750 0.543750 0.062500 0.068750
12 0.446875 0.592187 0.062500 0.059375
10 0.626563 0.625000 0.065625 0.062500
10 0.553125 0.639062 0.062500 0.084375
10 0.501563 0.685937 0.059375 0.065625
10 0.685937 0.701562 0.053125 0.059375
10 0.628125 0.731250 0.062500 0.068750
10 0.578125 0.710938 0.056250 0.084375
10 0.523438 0.739062 0.065625 0.053125
10 0.443750 0.734375 0.056250 0.081250
11 0.684375 0.825000 0.050000 0.062500
11 0.626563 0.848437 0.053125 0.084375
11 0.628125 0.935937 0.075000 0.059375
11 0.554688 0.860938 0.059375 0.078125
11 0.554688 0.942187 0.059375 0.053125
11 0.507812 0.885938 0.065625 0.084375
11 0.492188 0.950000 0.065625 0.056250
11 0.453125 0.878125 0.043750 0.081250
11 0.431250 0.970313 0.037500 0.059375
