11 0.281250 0.223438 0.056250 0.059375
11 0.442188 0.360938 0.059375 0.046875
11 0.615625 0.201563 0.062500 0.059375
11 0.734375 0.240625 0.068750 0.068750
11 0.971875 0.192188 0.056250 0.078125
11 0.771875 0.432812 0.075000 0.046875
11 0.782813 0.732812 0.071875 0.059375
11 0.515625 0.656250 0.056250 0.050000
11 0.362500 0.634375 0.043750 0.043750
11 0.075000 0.232813 0.056250 0.053125
11 0.057813 0.289062 0.059375 0.040625
11 0.143750 0.296875 0.050000 0.050000
11 0.128125 0.354687 0.050000 0.053125
11 0.082812 0.339062 0.046875 0.040625
11 0.073438 0.379688 0.053125 0.040625
11 0.062500 0.423438 0.050000 0.040625
11 0.137500 0.420312 0.056250 0.040625
11 0.100000 0.456250 0.056250 0.037500
11 0.150000 0.621875 0.037500 0.031250
11 0.096875 0.612500 0.031250 0.025000
11 0.050000 0.675000 0.043750 0.031250
11 0.014063 0.671875 0.021875 0.031250
8 0.832812 0.195312 0.084375 0.090625
8 0.382812 0.265625 0.071875 0.068750
8 0.679688 0.456250 0.059375 0.068750
8 0.804688 0.651563 0.065625 0.078125
8 0.571875 0.710938 0.050000 0.053125
8 0.431250 0.673438 0.056250 0.040625
8 0.176563 0.678125 0.034375 0.037500
8 0.092188 0.710938 0.028125 0.028125
8 0.104688 0.637500 0.034375 0.025000
8 0.143750 0.237500 0.050000 0.043750
8 0.354687 0.446875 0.065625 0.062500
4 0.945312 0.406250 0.046875 0.056250
4 0.840625 0.417187 0.056250 0.059375
4 0.710938 0.346875 0.059375 0.056250
4 0.507812 0.278125 0.053125 0.056250
4 0.456250 0.220312 0.062500 0.071875
4 0.321875 0.298438 0.050000 0.059375
4 0.185938 0.359375 0.053125 0.043750
4 0.201563 0.407813 0.034375 0.040625
4 0.207813 0.454688 0.046875 0.034375
4 0.171875 0.473438 0.043750 0.034375
4 0.615625 0.645312 0.043750 0.046875
4 0.226562 0.700000 0.040625 0.031250
4 0.129688 0.703125 0.028125 0.025000
4 0.087500 0.679688 0.031250 0.021875
4 0.023438 0.606250 0.034375 0.031250
4 0.017188 0.429688 0.028125 0.040625
4 0.029687 0.334375 0.040625 0.037500
8 0.189062 0.307812 0.040625 0.040625
12 0.475000 0.454688 0.062500 0.059375
12 0.614062 0.434375 0.065625 0.050000
12 0.584375 0.293750 0.062500 0.068750
12 0.026562 0.389062 0.040625 0.040625
12 0.303125 0.667188 0.043750 0.046875
12 0.284375 0.707812 0.043750 0.040625
12 0.370312 0.720313 0.046875 0.046875
12 0.725000 0.657813 0.056250 0.053125
12 0.206250 0.639062 0.043750 0.053125
12 0.123438 0.657813 0.034375 0.028125
12 0.065625 0.603125 0.025000 0.031250
11 0.068750 0.632812 0.031250 0.021875
12 0.045312 0.468750 0.040625 0.043750
12 0.064062 0.707812 0.028125 0.021875
12 0.026562 0.701562 0.028125 0.028125
10 0.679688 0.723437 0.065625 0.059375
10 0.829688 0.331250 0.078125 0.068750
10 0.915625 0.289062 0.075000 0.084375
10 0.587500 0.365625 0.075000 0.062500
10 0.534375 0.187500 0.068750 0.068750
10 0.350000 0.381250 0.056250 0.050000
10 0.262500 0.425000 0.050000 0.037500
10 0.250000 0.375000 0.050000 0.043750
10 0.251563 0.326562 0.053125 0.040625
10 0.231250 0.278125 0.056250 0.043750
10 0.206250 0.214062 0.062500 0.053125
10 0.206250 0.725000 0.043750 0.031250
10 0.265625 0.620313 0.056250 0.053125
10 0.478125 0.721875 0.050000 0.037500
10 0.040625 0.639062 0.031250 0.028125
